9.937062327620114781e-09 1.372303271988364219e-08 1.483613996645093369e-08 1.547226764215735962e-08 1.595833554683522678e-08 1.629024309812786398e-08 1.660717903749872948e-08 1.688077382450096875e-08 1.716718525976574506e-08 1.751937100412573409e-08 1.372303271988364219e-08 2.090333592010038781e-08 2.345259743963803406e-08 2.494108379713501863e-08 2.604213252003181643e-08 2.684232500870486573e-08 2.756208080118923246e-08 2.819859006908342641e-08 2.908617319490463904e-08 2.989202063535478187e-08 1.483613996645093369e-08 2.345259743963803406e-08 2.711526270622021057e-08 2.924588812260185165e-08 3.081168617353057190e-08 3.199068936053272016e-08 3.297689123182923150e-08 3.392431769939326989e-08 3.489454266370640566e-08 3.605119319499503292e-08 1.547226764215735962e-08 2.494108379713501863e-08 2.924588812260185165e-08 3.172712369799210000e-08 3.370090354310502940e-08 3.519116728796785991e-08 3.649351226012045548e-08 3.766322128147059566e-08 3.889085689000246650e-08 4.038417480813212077e-08 1.595833554683522678e-08 2.604213252003181643e-08 3.081168617353057190e-08 3.370090354310502940e-08 3.623310847745845557e-08 3.805620075421490914e-08 3.958812470694296552e-08 4.103681752844302080e-08 4.253135616187913980e-08 4.432088793115048958e-08 1.629024309812786398e-08 2.684232500870486573e-08 3.199068936053272016e-08 3.519116728796785991e-08 3.805620075421490914e-08 4.017812400233661715e-08 4.198645214545934813e-08 4.368945617104968920e-08 4.544931789018741377e-08 4.756102591492303126e-08 1.660717903749872948e-08 2.756208080118923246e-08 3.297689123182923150e-08 3.649351226012045548e-08 3.958812470694296552e-08 4.198645214545934813e-08 4.406694727340981421e-08 4.603399094921178628e-08 4.807104231231651355e-08 5.051980967102279009e-08 1.688077382450096875e-08 2.819859006908342641e-08 3.392431769939326989e-08 3.766322128147059566e-08 4.103681752844302080e-08 4.368945617104968920e-08 4.603399094921178628e-08 4.829482754613681884e-08 5.065112859743138519e-08 5.349082956060432321e-08 1.716718525976574506e-08 2.908617319490463904e-08 3.489454266370640566e-08 3.889085689000246650e-08 4.253135616187913980e-08 4.544931789018741377e-08 4.807104231231651355e-08 5.065112859743138519e-08 5.340234986253070485e-08 5.675329801003904217e-08 1.751937100412573409e-08 2.989202063535478187e-08 3.605119319499503292e-08 4.038417480813212077e-08 4.432088793115048958e-08 4.756102591492303126e-08 5.051980967102279009e-08 5.349082956060432321e-08 5.675329801003904217e-08 6.087848808117192930e-08
9.706657785829923561e-09 1.347339685233395881e-08 1.458534214079099191e-08 1.522074338633685104e-08 1.570596908989160168e-08 1.603804544427861985e-08 1.635446198514019703e-08 1.662750540751096497e-08 1.691387986245756571e-08 1.726559871019344597e-08 1.347339685233395881e-08 2.067324906778987900e-08 2.324528518053419583e-08 2.474770326131367335e-08 2.599034344326747534e-08 2.681598859236474216e-08 2.750492150535473740e-08 2.817774820177530006e-08 2.885965738323640237e-08 2.967214625370277185e-08 1.458534214079099191e-08 2.324528518053419583e-08 2.688551968951228696e-08 2.904528588447712846e-08 3.063128809778186454e-08 3.182679306081063395e-08 3.282712780172587375e-08 3.378648745265826033e-08 3.477063653903366618e-08 3.594276389447532239e-08 1.522074338633685104e-08 2.474770326131367335e-08 2.904528588447712846e-08 3.174077893153566872e-08 3.374800356450683797e-08 3.527926826823390763e-08 3.656246338230995405e-08 3.778161887955068546e-08 3.903814840971269145e-08 4.053791853639041899e-08 1.570596908989160168e-08 2.599034344326747534e-08 3.063128809778186454e-08 3.374800356450683797e-08 3.615072310106796958e-08 3.800920988060074073e-08 3.957131712816317476e-08 4.104656073335836188e-08 4.257037560279562958e-08 4.439396230635737261e-08 1.603804544427861985e-08 2.681598859236474216e-08 3.182679306081063395e-08 3.527926826823390763e-08 3.800920988060074073e-08 4.017598200561319746e-08 4.202339768418247486e-08 4.376111257415271358e-08 4.555877641098403148e-08 4.771491857473906674e-08 1.635446198514019703e-08 2.750492150535473740e-08 3.282712780172587375e-08 3.656246338230995405e-08 3.957131712816317476e-08 4.202339768418247486e-08 4.415198206918593381e-08 4.616252760361654230e-08 4.824663080035599532e-08 5.075110457006128883e-08 1.662750540751096497e-08 2.817774820177530006e-08 3.378648745265826033e-08 3.778161887955068546e-08 4.104656073335836188e-08 4.376111257415271358e-08 4.616252760361654230e-08 4.847692084023571851e-08 5.089129004464674470e-08 5.380022136878154833e-08 1.691387986245756571e-08 2.885965738323640237e-08 3.477063653903366618e-08 3.903814840971269145e-08 4.257037560279562958e-08 4.555877641098403148e-08 4.824663080035599532e-08 5.089129004464674470e-08 5.371457013789696726e-08 5.715304869431383767e-08 1.726559871019344597e-08 2.967214625370277185e-08 3.594276389447532239e-08 4.053791853639041899e-08 4.439396230635737261e-08 4.771491857473906674e-08 5.075110457006128883e-08 5.380022136878154833e-08 5.715304869431383767e-08 6.139431493319553537e-08
9.469113219387341711e-09 1.321038498502277746e-08 1.431939126093851617e-08 1.495307822043792240e-08 1.543667489141126305e-08 1.576841479727489568e-08 1.608379170310451313e-08 1.635586617404395718e-08 1.664174875760933326e-08 1.699244454771463180e-08 1.321038498502277746e-08 2.041902531197265738e-08 2.306141926888076406e-08 2.457164857715676591e-08 2.569196499240969289e-08 2.652394465700987877e-08 2.721845265492742107e-08 2.789535473472428265e-08 2.858289506638402169e-08 2.940098087177103080e-08 1.431939126093851617e-08 2.306141926888076406e-08 2.660878908676482318e-08 2.879556303219009243e-08 3.040012994385797068e-08 3.161096349747154469e-08 3.262445976222142975e-08 3.359475862529963324e-08 3.459185757330155187e-08 3.577829874777229964e-08 1.495307822043792240e-08 2.457164857715676591e-08 2.879556303219009243e-08 3.153228551680734132e-08 3.356952686616643879e-08 3.512537907771067734e-08 3.642954584452533915e-08 3.766674429643472445e-08 3.894370707585044096e-08 4.046681649990789548e-08 1.543667489141126305e-08 2.569196499240969289e-08 3.040012994385797068e-08 3.356952686616643879e-08 3.601372447400896667e-08 3.790647140073598243e-08 3.949782728410367999e-08 4.099865475450488552e-08 4.255079937215432182e-08 4.440732103986076992e-08 1.576841479727489568e-08 2.652394465700987877e-08 3.161096349747154469e-08 3.512537907771067734e-08 3.790647140073598243e-08 4.011704616609526231e-08 4.200271303079572921e-08 4.377426085655043668e-08 4.560887243255242312e-08 4.780844467644598060e-08 1.608379170310451313e-08 2.721845265492742107e-08 3.262445976222142975e-08 3.642954584452533915e-08 3.949782728410367999e-08 4.200271303079572921e-08 4.417867215033156902e-08 4.623196806903846895e-08 4.836240204425257026e-08 5.092174395546956098e-08 1.635586617404395718e-08 2.789535473472428265e-08 3.359475862529963324e-08 3.766674429643472445e-08 4.099865475450488552e-08 4.377426085655043668e-08 4.623196806903846895e-08 4.859933940569895971e-08 5.107125160510892751e-08 5.404881987796710167e-08 1.664174875760933326e-08 2.858289506638402169e-08 3.459185757330155187e-08 3.894370707585044096e-08 4.255079937215432182e-08 4.560887243255242312e-08 4.836240204425257026e-08 5.107125160510892751e-08 5.396634739380709383e-08 5.749215056635982968e-08 1.699244454771463180e-08 2.940098087177103080e-08 3.577829874777229964e-08 4.046681649990789548e-08 4.440732103986076992e-08 4.780844467644598060e-08 5.092174395546956098e-08 5.404881987796710167e-08 5.749215056635982968e-08 6.184997309442176293e-08
9.223635840646404720e-09 1.293301310934440621e-08 1.403723097937643791e-08 1.466817676457041126e-08 1.514933001429359314e-08 1.548019962667897465e-08 1.579399667807908804e-08 1.606467178202248325e-08 1.634958220418426334e-08 1.669868006667789767e-08 1.293301310934440621e-08 2.013911294403661142e-08 2.270997576303755850e-08 2.422931415620957355e-08 2.535539053921141314e-08 2.619263831420439564e-08 2.689183019723242473e-08 2.757190553341874028e-08 2.826418395782353619e-08 2.908681031427313886e-08 1.403723097937643791e-08 2.270997576303755850e-08 2.629332155163609875e-08 2.850487802040228437e-08 3.012630510967369616e-08 3.135124256843422719e-08 3.237687647699528794e-08 3.335708497858799589e-08 3.436610700303746926e-08 3.556565218662730914e-08 1.466817676457041126e-08 2.422931415620957355e-08 2.850487802040228437e-08 3.128048769632226679e-08 3.334597851781800083e-08 3.492515306332505915e-08 3.624923400334364703e-08 3.750341184740175437e-08 3.879974471349814469e-08 4.034494519043816007e-08 1.514933001429359314e-08 2.535539053921141314e-08 3.012630510967369616e-08 3.334597851781800083e-08 3.582989917168060966e-08 3.775566731241647620e-08 3.937523968144437234e-08 4.090060781221460634e-08 4.248003954308798194e-08 4.436827794603107070e-08 1.548019962667897465e-08 2.619263831420439564e-08 3.135124256843422719e-08 3.492515306332505915e-08 3.775566731241647620e-08 4.000887272442939162e-08 4.193183822841208496e-08 4.373624777958418814e-08 4.560683849564246795e-08 4.784871697183334173e-08 1.579399667807908804e-08 2.689183019723242473e-08 3.237687647699528794e-08 3.624923400334364703e-08 3.937523968144437234e-08 4.193183822841208496e-08 4.415432434852031237e-08 4.624951017052759441e-08 4.842542293223321279e-08 5.103865496228962054e-08 1.606467178202248325e-08 2.757190553341874028e-08 3.335708497858799589e-08 3.750341184740175437e-08 4.090060781221460634e-08 4.373624777958418814e-08 4.624951017052759441e-08 4.866915687168298974e-08 5.119793969250851824e-08 5.424339229417871549e-08 1.634958220418426334e-08 2.826418395782353619e-08 3.436610700303746926e-08 3.879974471349814469e-08 4.248003954308798194e-08 4.560683849564246795e-08 4.842542293223321279e-08 5.119793969250851824e-08 5.416444314144769292e-08 5.777718470411527595e-08 1.669868006667789767e-08 2.908681031427313886e-08 3.556565218662730914e-08 4.034494519043816007e-08 4.436827794603107070e-08 4.784871697183334173e-08 5.103865496228962054e-08 5.424339229417871549e-08 5.777718470411527595e-08 6.225183835408441713e-08
8.966968204464578263e-09 1.252831991280577247e-08 1.360875429769524393e-08 1.423129004896205624e-08 1.470717382033162937e-08 1.504823091001290812e-08 1.533117984543767080e-08 1.562078013682512045e-08 1.590178293552613444e-08 1.624259575620250590e-08 1.252831991280577247e-08 1.982943462562267186e-08 2.233312660285807729e-08 2.385962396605725154e-08 2.498996096730410960e-08 2.583140251890381902e-08 2.653437045119208409e-08 2.721671540661688910e-08 2.791282176624138871e-08 2.873892761375624871e-08 1.360875429769524393e-08 2.233312660285807729e-08 2.594833924932014514e-08 2.818237087526041219e-08 2.981889683637696553e-08 3.105666768482966611e-08 3.209336665194274302e-08 3.321194046131609374e-08 3.422288007699521840e-08 3.544969180039927759e-08 1.423129004896205624e-08 2.385962396605725154e-08 2.818237087526041219e-08 3.099439296805068718e-08 3.308627125190011382e-08 3.468742683142463969e-08 3.603029014987849515e-08 3.730033036893829855e-08 3.861489678353550480e-08 4.018086971801063437e-08 1.470717382033162937e-08 2.498996096730410960e-08 2.981889683637696553e-08 3.308627125190011382e-08 3.560803274111098807e-08 3.756548058254066925e-08 3.921214049365887391e-08 4.076093228248383521e-08 4.236651338382384639e-08 4.428515416410981313e-08 1.504823091001290812e-08 2.583140251890381902e-08 3.105666768482966611e-08 3.468742683142463969e-08 3.756548058254066925e-08 3.986001903028765853e-08 4.181921338709815030e-08 4.365542109199497257e-08 4.556090750659106324e-08 4.784384869362457281e-08 1.533117984543767080e-08 2.653437045119208409e-08 3.209336665194274302e-08 3.603029014987849515e-08 3.921214049365887391e-08 4.181921338709815030e-08 4.408724278309484459e-08 4.622334828068555759e-08 4.844375451401759759e-08 5.110975685915697390e-08 1.562078013682512045e-08 2.721671540661688910e-08 3.321194046131609374e-08 3.730033036893829855e-08 4.076093228248383521e-08 4.365542109199497257e-08 4.622334828068555759e-08 4.869444084629008656e-08 5.127927030408820842e-08 5.439169092346651577e-08 1.590178293552613444e-08 2.791282176624138871e-08 3.422288007699521840e-08 3.861489678353550480e-08 4.236651338382384639e-08 4.556090750659106324e-08 4.844375451401759759e-08 5.127927030408820842e-08 5.431660160361278212e-08 5.801570722836577762e-08 1.624259575620250590e-08 2.873892761375624871e-08 3.544969180039927759e-08 4.018086971801063437e-08 4.428515416410981313e-08 4.784384869362457281e-08 5.110975685915697390e-08 5.439169092346651577e-08 5.801570722836577762e-08 6.260724919741220127e-08
8.695436352646402642e-09 1.215848027977212827e-08 1.322984885420985034e-08 1.384687740566356220e-08 1.431825513693455054e-08 1.465643431930515322e-08 1.493717227628538731e-08 1.522384006714491036e-08 1.550278052541377545e-08 1.584037409711264339e-08 1.215848027977212827e-08 1.932413926436781001e-08 2.193971965068461179e-08 2.347141014785394914e-08 2.460450021929008064e-08 2.544905165276700107e-08 2.615487095431744870e-08 2.683858098630046805e-08 2.753758718404897225e-08 2.836610662966652323e-08 1.322984885420985034e-08 2.193971965068461179e-08 2.578264232224953401e-08 2.803839580126921247e-08 2.968401431255706747e-08 3.091977892506582804e-08 3.200042960324366632e-08 3.296867933727645851e-08 3.398910590904753593e-08 3.522697857582016555e-08 1.384687740566356220e-08 2.347141014785394914e-08 2.803839580126921247e-08 3.068245162795142692e-08 3.279874793087754595e-08 3.442045479547485806e-08 3.578088519187495330e-08 3.706560984918622439e-08 3.839719046469956360e-08 3.998253639650061494e-08 1.431825513693455054e-08 2.460450021929008064e-08 2.968401431255706747e-08 3.279874793087754595e-08 3.535632236451999936e-08 3.734398866114886332e-08 3.901649709842610168e-08 4.058751058109571888e-08 4.221799487191589599e-08 4.437872538936439461e-08 1.465643431930515322e-08 2.544905165276700107e-08 3.091977892506582804e-08 3.442045479547485806e-08 3.734398866114886332e-08 3.967841547003660466e-08 4.167263455733369775e-08 4.353946984644697673e-08 4.547863670000151685e-08 4.780125772056790229e-08 1.493717227628538731e-08 2.615487095431744870e-08 3.200042960324366632e-08 3.578088519187495330e-08 3.901649709842610168e-08 4.167263455733369775e-08 4.398506688527272709e-08 4.616099413977613648e-08 4.842475475014485149e-08 5.114224190540668241e-08 1.522384006714491036e-08 2.683858098630046805e-08 3.296867933727645851e-08 3.706560984918622439e-08 4.058751058109571888e-08 4.353946984644697673e-08 4.616099413977613648e-08 4.868255501136251057e-08 5.132243145613322724e-08 5.450071177628344498e-08 1.550278052541377545e-08 2.753758718404897225e-08 3.398910590904753593e-08 3.839719046469956360e-08 4.221799487191589599e-08 4.547863670000151685e-08 4.842475475014485149e-08 5.132243145613322724e-08 5.442981082218939547e-08 5.821448453951493231e-08 1.584037409711264339e-08 2.836610662966652323e-08 3.522697857582016555e-08 3.998253639650061494e-08 4.437872538936439461e-08 4.780125772056790229e-08 5.114224190540668241e-08 5.450071177628344498e-08 5.821448453951493231e-08 6.292271365191408195e-08
8.407755061185781859e-09 1.179392205935688550e-08 1.285476300058541609e-08 1.346548561523560420e-08 1.393172267920881983e-08 1.426658678526754299e-08 1.454472549107212787e-08 1.482808143363142660e-08 1.510456891834161354e-08 1.543850806755911177e-08 1.179392205935688550e-08 1.891766176168441743e-08 2.153796767911110409e-08 2.307286628730645651e-08 2.420719261441128439e-08 2.505375778434877279e-08 2.576148582296092001e-08 2.664923387568128312e-08 2.734604980578451851e-08 2.818988018362964685e-08 1.285476300058541609e-08 2.153796767911110409e-08 2.543032730042821173e-08 2.770371960047694679e-08 2.936065093365645072e-08 3.060739347836632399e-08 3.169558678987660173e-08 3.267135326999785841e-08 3.369991648212526111e-08 3.494728017276905725e-08 1.346548561523560420e-08 2.307286628730645651e-08 2.770371960047694679e-08 3.035243369215529074e-08 3.249105901987853831e-08 3.413178729068366084e-08 3.550847728837989017e-08 3.680664030022123057e-08 3.815392418374290761e-08 3.975715264056431744e-08 1.393172267920881983e-08 2.420719261441128439e-08 2.936065093365645072e-08 3.249105901987853831e-08 3.508225583439006860e-08 3.709854385047235443e-08 3.905162966609341072e-08 4.061750207988881261e-08 4.226028254351490976e-08 4.425691748182190766e-08 1.426658678526754299e-08 2.505375778434877279e-08 3.060739347836632399e-08 3.413178729068366084e-08 3.709854385047235443e-08 3.968992806183074850e-08 4.175014208609641799e-08 4.361904270122561075e-08 4.557648107478420978e-08 4.795780408856622364e-08 1.454472549107212787e-08 2.576148582296092001e-08 3.169558678987660173e-08 3.550847728837989017e-08 3.905162966609341072e-08 4.175014208609641799e-08 4.385465758202837754e-08 4.606916474239409663e-08 4.837496858530245765e-08 5.114246764093847790e-08 1.482808143363142660e-08 2.664923387568128312e-08 3.267135326999785841e-08 3.680664030022123057e-08 4.061750207988881261e-08 4.361904270122561075e-08 4.606916474239409663e-08 4.864004902815306884e-08 5.155466766297324084e-08 5.482191007445234707e-08 1.510456891834161354e-08 2.734604980578451851e-08 3.369991648212526111e-08 3.815392418374290761e-08 4.226028254351490976e-08 4.557648107478420978e-08 4.837496858530245765e-08 5.155466766297324084e-08 5.451019780951942272e-08 5.837939131571068456e-08 1.543850806755911177e-08 2.818988018362964685e-08 3.494728017276905725e-08 3.975715264056431744e-08 4.425691748182190766e-08 4.795780408856622364e-08 5.114246764093847790e-08 5.482191007445234707e-08 5.837939131571068456e-08 6.320381029432100022e-08
8.106397519504031358e-09 1.144086714151762299e-08 1.248982867313691719e-08 1.309351792965051885e-08 1.355403525651513486e-08 1.388518428196784723e-08 1.416036208546164431e-08 1.444006361457445357e-08 1.471373156747155163e-08 1.504362286979438107e-08 1.144086714151762299e-08 1.851299021633957848e-08 2.113443082305631048e-08 2.267052789393338629e-08 2.400299155264265318e-08 2.483968112259325259e-08 2.558080831160726240e-08 2.623906131971903182e-08 2.693643798863194876e-08 2.778059762291519246e-08 1.248982867313691719e-08 2.113443082305631048e-08 2.503570342442069910e-08 2.732370955882469323e-08 2.898969758739292679e-08 3.024574306340506729e-08 3.133998879129883862e-08 3.232201634446079257e-08 3.335729162679343800e-08 3.461249493104945491e-08 1.309351792965051885e-08 2.267052789393338629e-08 2.732370955882469323e-08 3.001042827513815158e-08 3.216917007943068965e-08 3.382728301924068755e-08 3.521883002127639361e-08 3.652911512107107386e-08 3.789069562274508509e-08 3.951022115412452232e-08 1.355403525651513486e-08 2.400299155264265318e-08 2.898969758739292679e-08 3.216917007943068965e-08 3.501062643590873922e-08 3.704559069592321046e-08 3.879933332027896559e-08 4.038570204184272557e-08 4.204994646178647303e-08 4.407245223251804589e-08 1.388518428196784723e-08 2.483968112259325259e-08 3.024574306340506729e-08 3.382728301924068755e-08 3.704559069592321046e-08 3.945365746013298362e-08 4.154438401019213036e-08 4.344216327771680012e-08 4.542974574695679724e-08 4.784756892542795151e-08 1.416036208546164431e-08 2.558080831160726240e-08 3.133998879129883862e-08 3.521883002127639361e-08 3.879933332027896559e-08 4.154438401019213036e-08 4.397544636443393198e-08 4.620492763818389378e-08 4.829921275596324966e-08 5.111505585066115906e-08 1.444006361457445357e-08 2.623906131971903182e-08 3.232201634446079257e-08 3.652911512107107386e-08 4.038570204184272557e-08 4.344216327771680012e-08 4.620492763818389378e-08 4.879590966963301684e-08 5.152797563489102292e-08 5.485834933407104776e-08 1.471373156747155163e-08 2.693643798863194876e-08 3.335729162679343800e-08 3.789069562274508509e-08 4.204994646178647303e-08 4.542974574695679724e-08 4.829921275596324966e-08 5.152797563489102292e-08 5.475547984936297618e-08 5.873153709122718292e-08 1.504362286979438107e-08 2.778059762291519246e-08 3.461249493104945491e-08 3.951022115412452232e-08 4.407245223251804589e-08 4.784756892542795151e-08 5.111505585066115906e-08 5.485834933407104776e-08 5.873153709122718292e-08 6.369862219012435238e-08
7.655609641928510226e-09 1.124751415993664675e-08 1.229836118222648897e-08 1.289927518491556936e-08 1.335543733173210074e-08 1.367313525612483603e-08 1.397050640159087146e-08 1.422747058055967411e-08 1.449963847958763727e-08 1.465786649751167868e-08 1.124751415993664675e-08 1.811215752153275467e-08 2.073100749553285368e-08 2.242584799310009240e-08 2.355678959680902460e-08 2.439365983592532818e-08 2.513324717239100428e-08 2.579079985386141378e-08 2.648757377301890547e-08 2.733072302260260707e-08 1.229836118222648897e-08 2.073100749553285368e-08 2.460538442093171713e-08 2.690484932207753160e-08 2.857755545379069506e-08 2.984114648239631051e-08 3.093990186150025277e-08 3.192688078397940446e-08 3.296738493079349098e-08 3.422870530635338437e-08 1.289927518491556936e-08 2.242584799310009240e-08 2.690484932207753160e-08 2.984978110497331489e-08 3.202687659207520265e-08 3.350786560749125354e-08 3.491274928003265163e-08 3.623374457136319253e-08 3.760809625314178424e-08 3.924220706014696065e-08 1.335543733173210074e-08 2.355678959680902460e-08 2.857755545379069506e-08 3.202687659207520265e-08 3.466125907512649040e-08 3.672175503854042347e-08 3.849512439137989282e-08 4.010039426791866687e-08 4.178431350683665221e-08 4.383060152932479106e-08 1.367313525612483603e-08 2.439365983592532818e-08 2.984114648239631051e-08 3.350786560749125354e-08 3.672175503854042347e-08 3.916511833125905936e-08 4.128444079439034152e-08 4.320945392076492412e-08 4.522533696792220174e-08 4.767750779986154033e-08 1.397050640159087146e-08 2.513324717239100428e-08 3.093990186150025277e-08 3.491274928003265163e-08 3.849512439137989282e-08 4.128444079439034152e-08 4.375355866611144844e-08 4.601968298992237854e-08 4.839179363980665203e-08 5.105946932893756363e-08 1.422747058055967411e-08 2.579079985386141378e-08 3.192688078397940446e-08 3.623374457136319253e-08 4.010039426791866687e-08 4.320945392076492412e-08 4.601968298992237854e-08 4.865801516223487348e-08 5.144013039491060047e-08 5.483155947590430265e-08 1.449963847958763727e-08 2.648757377301890547e-08 3.296738493079349098e-08 3.760809625314178424e-08 4.178431350683665221e-08 4.522533696792220174e-08 4.839179363980665203e-08 5.144013039491060047e-08 5.473310043383016841e-08 5.879059715541563083e-08 1.465786649751167868e-08 2.733072302260260707e-08 3.422870530635338437e-08 3.924220706014696065e-08 4.383060152932479106e-08 4.767750779986154033e-08 5.105946932893756363e-08 5.483155947590430265e-08 5.879059715541563083e-08 6.387181289251395528e-08
7.391712588851774529e-09 1.086820293205519288e-08 1.190281271873916529e-08 1.249464367656889415e-08 1.294342280535970977e-08 1.325676946121706970e-08 1.354926049246470697e-08 1.380224094483789169e-08 1.407034294111038647e-08 1.439734699074754603e-08 1.086820293205519288e-08 1.771199548971519718e-08 2.041951468264163406e-08 2.195763092317577132e-08 2.308439915666186198e-08 2.392007067038813794e-08 2.465691344453745482e-08 2.531275288924292185e-08 2.600775938792593883e-08 2.684855346805267606e-08 1.190281271873916529e-08 2.041951468264163406e-08 2.414755184093156186e-08 2.645522091937526681e-08 2.813224865644951142e-08 2.940156223739037711e-08 3.050324890444501732e-08 3.149382777534062628e-08 3.253803532873850070e-08 3.380369507463205465e-08 1.249464367656889415e-08 2.195763092317577132e-08 2.645522091937526681e-08 2.942090003857321248e-08 3.161251525456574754e-08 3.316887581441347745e-08 3.458543306006907924e-08 3.591560280396751679e-08 3.730105604568089939e-08 3.894787905501695075e-08 1.294342280535970977e-08 2.308439915666186198e-08 2.813224865644951142e-08 3.161251525456574754e-08 3.427160165280546611e-08 3.635534233406810707e-08 3.814637083283692825e-08 3.976883770268749641e-08 4.147053054882311686e-08 4.353837192404361280e-08 1.325676946121706970e-08 2.392007067038813794e-08 2.940156223739037711e-08 3.316887581441347745e-08 3.635534233406810707e-08 3.883159519791539558e-08 4.097745589482825671e-08 4.292791827860279409e-08 4.497011437286246239e-08 4.745430100994693549e-08 1.354926049246470697e-08 2.465691344453745482e-08 3.050324890444501732e-08 3.458543306006907924e-08 3.814637083283692825e-08 4.097745589482825671e-08 4.348252400107642681e-08 4.578347680330266769e-08 4.819168018522814871e-08 5.096929895671126025e-08 1.380224094483789169e-08 2.531275288924292185e-08 3.149382777534062628e-08 3.591560280396751679e-08 3.976883770268749641e-08 4.292791827860279409e-08 4.578347680330266769e-08 4.846735590242050827e-08 5.129752688346855415e-08 5.474767867503859096e-08 1.407034294111038647e-08 2.600775938792593883e-08 3.253803532873850070e-08 3.730105604568089939e-08 4.147053054882311686e-08 4.497011437286246239e-08 4.819168018522814871e-08 5.129752688346855415e-08 5.465406069242415591e-08 5.879081440878444690e-08 1.439734699074754603e-08 2.684855346805267606e-08 3.380369507463205465e-08 3.894787905501695075e-08 4.353837192404361280e-08 4.745430100994693549e-08 5.096929895671126025e-08 5.474767867503859096e-08 5.879081440878444690e-08 6.398436005090200294e-08
7.137060406768677386e-09 1.049138839219931212e-08 1.150827050379000401e-08 1.209020074858703129e-08 1.253096866876341324e-08 1.283948806658302336e-08 1.312667964036538765e-08 1.337535626109153503e-08 1.363898062662277593e-08 1.396044035245082649e-08 1.049138839219931212e-08 1.730707796063127754e-08 1.994247657899376875e-08 2.147437006270538892e-08 2.259518090233309064e-08 2.342828369682524030e-08 2.416120823930730238e-08 2.481434129597803378e-08 2.550643504038630255e-08 2.634355131384039437e-08 1.150827050379000401e-08 1.994247657899376875e-08 2.367143335613718285e-08 2.598399997072202123e-08 2.766293289172356272e-08 2.893610270140754358e-08 3.003913101103668107e-08 3.103193815471893521e-08 3.207830152535729408e-08 3.334649465043725360e-08 1.209020074858703129e-08 2.147437006270538892e-08 2.598399997072202123e-08 2.896653391754582682e-08 3.116983362201972037e-08 3.280341781086860085e-08 3.422984369969888071e-08 3.556753000780679198e-08 3.696227043427505309e-08 3.861977131859912889e-08 1.253096866876341324e-08 2.259518090233309064e-08 2.766293289172356272e-08 3.116983362201972037e-08 3.385049262897469117e-08 3.595505569146227143e-08 3.776168874586789548e-08 3.939955765037608019e-08 4.111702756257907606e-08 4.320407587034969472e-08 1.283948806658302336e-08 2.342828369682524030e-08 2.893610270140754358e-08 3.280341781086860085e-08 3.595505569146227143e-08 3.846161493406253850e-08 4.063183360965312764e-08 4.260583676243581469e-08 4.467222874140963062e-08 4.718593990991891678e-08 1.312667964036538765e-08 2.416120823930730238e-08 3.003913101103668107e-08 3.422984369969888071e-08 3.776168874586789548e-08 4.063183360965312764e-08 4.317059078120644176e-08 4.550440146140867166e-08 4.788747913251177426e-08 5.083582879861470185e-08 1.337535626109153503e-08 2.481434129597803378e-08 3.103193815471893521e-08 3.556753000780679198e-08 3.939955765037608019e-08 4.260583676243581469e-08 4.550440146140867166e-08 4.823183520965946954e-08 5.110786994569920760e-08 5.461416813015401974e-08 1.363898062662277593e-08 2.550643504038630255e-08 3.207830152535729408e-08 3.696227043427505309e-08 4.111702756257907606e-08 4.467222874140963062e-08 4.788747913251177426e-08 5.110786994569920760e-08 5.452582639354646815e-08 5.873935972902479288e-08 1.396044035245082649e-08 2.634355131384039437e-08 3.334649465043725360e-08 3.861977131859912889e-08 4.320407587034969472e-08 4.718593990991891678e-08 5.083582879861470185e-08 5.461416813015401974e-08 5.873935972902479288e-08 6.404307011033712125e-08
6.893308168350801588e-09 1.012320374108267899e-08 1.112105815950821479e-08 1.169237595906221655e-08 1.212459103823505867e-08 1.242785823056242275e-08 1.270939011514080339e-08 1.295348869671027676e-08 1.321227438845321137e-08 1.352779459304896422e-08 1.012320374108267899e-08 1.689349208322592613e-08 1.945981895213532497e-08 2.098309866570240848e-08 2.209620417910300273e-08 2.292537215959587131e-08 2.365323164178997633e-08 2.430267687696462852e-08 2.499072862268438084e-08 2.582285964023227888e-08 1.112105815950821479e-08 1.945981895213532497e-08 2.318396586138372002e-08 2.549805328782312040e-08 2.717644422872877406e-08 2.845155276768293556e-08 2.955431574046246365e-08 3.054794921335553276e-08 3.159489367727763334e-08 3.286377662036106460e-08 1.169237595906221655e-08 2.098309866570240848e-08 2.549805328782312040e-08 2.849339763601108971e-08 3.069832109877368434e-08 3.240644779195264398e-08 3.384081556322879019e-08 3.518426213612817711e-08 3.658634995317783177e-08 3.825235927090850228e-08 1.212459103823505867e-08 2.209620417910300273e-08 2.717644422872877406e-08 3.069832109877368434e-08 3.340440676895878674e-08 3.552722066417938724e-08 3.734730564174549767e-08 3.899867597330375816e-08 4.072982136079792627e-08 4.283359742120277553e-08 1.242785823056242275e-08 2.292537215959587131e-08 2.845155276768293556e-08 3.240644779195264398e-08 3.552722066417938724e-08 3.806130973838798343e-08 4.025356968867643457e-08 4.224906368832819580e-08 4.433739232347772130e-08 4.687795871488999518e-08 1.270939011514080339e-08 2.365323164178997633e-08 2.955431574046246365e-08 3.384081556322879019e-08 3.734730564174549767e-08 4.025356968867643457e-08 4.279319311418378354e-08 4.517578347207681358e-08 4.766493508296638033e-08 5.065233712711788136e-08 1.295348869671027676e-08 2.430267687696462852e-08 3.054794921335553276e-08 3.518426213612817711e-08 3.899867597330375816e-08 4.224906368832819580e-08 4.517578347207681358e-08 4.795688739703120682e-08 5.087637678795534312e-08 5.443597507983956587e-08 1.321227438845321137e-08 2.499072862268438084e-08 3.159489367727763334e-08 3.658634995317783177e-08 4.072982136079792627e-08 4.433739232347772130e-08 4.766493508296638033e-08 5.087637678795534312e-08 5.440287809860736206e-08 5.866815557061975856e-08 1.352779459304896422e-08 2.582285964023227888e-08 3.286377662036106460e-08 3.825235927090850228e-08 4.283359742120277553e-08 4.687795871488999518e-08 5.065233712711788136e-08 5.443597507983956587e-08 5.866815557061975856e-08 6.405334502670655710e-08
6.639423880695938201e-09 9.766160030867562371e-09 1.074376297498268736e-08 1.130379025874068351e-08 1.172694424490535092e-08 1.202455466422242893e-08 1.230009411806044429e-08 1.253934960020499811e-08 1.279296224758403987e-08 1.312986625706495821e-08 9.766160030867562371e-09 1.646727203038336150e-08 1.903449016609862562e-08 2.054292401164087270e-08 2.165035348203089466e-08 2.241391618459645884e-08 2.313555581185128483e-08 2.378030179107751254e-08 2.446317259883970467e-08 2.528898055361931082e-08 1.074376297498268736e-08 1.903449016609862562e-08 2.268763427132296367e-08 2.499970984766816116e-08 2.667501836236687363e-08 2.795006112731129700e-08 2.905089744049276433e-08 3.004388077902607054e-08 3.108977689266425047e-08 3.235742013022011036e-08 1.130379025874068351e-08 2.054292401164087270e-08 2.499970984766816116e-08 2.803814043362562752e-08 3.025776879319040215e-08 3.197266368456151908e-08 3.341290826644404041e-08 3.476023917543109308e-08 3.616759833825828720e-08 3.783978692779807277e-08 1.172694424490535092e-08 2.165035348203089466e-08 2.667501836236687363e-08 3.025776879319040215e-08 3.299292884253417651e-08 3.513737634000820970e-08 3.694429260645249891e-08 3.862754791765836718e-08 4.031000406820582882e-08 4.242784221718848934e-08 1.202455466422242893e-08 2.241391618459645884e-08 2.795006112731129700e-08 3.197266368456151908e-08 3.513737634000820970e-08 3.769389113132310958e-08 3.988518308675691113e-08 4.192166836392867507e-08 4.404833489870731620e-08 4.659434590537982681e-08 1.230009411806044429e-08 2.313555581185128483e-08 2.905089744049276433e-08 3.341290826644404041e-08 3.694429260645249891e-08 3.988518308675691113e-08 4.245975101187885067e-08 4.486950577828963441e-08 4.738826761640969485e-08 5.041167640419048155e-08 1.253934960020499811e-08 2.378030179107751254e-08 3.004388077902607054e-08 3.476023917543109308e-08 3.862754791765836718e-08 4.192166836392867507e-08 4.486950577828963441e-08 4.770055560772140220e-08 5.067877697255239210e-08 5.426565234987629533e-08 1.279296224758403987e-08 2.446317259883970467e-08 3.108977689266425047e-08 3.616759833825828720e-08 4.031000406820582882e-08 4.404833489870731620e-08 4.738826761640969485e-08 5.067877697255239210e-08 5.423292304298293696e-08 5.856950267306515265e-08 1.312986625706495821e-08 2.528898055361931082e-08 3.235742013022011036e-08 3.783978692779807277e-08 4.242784221718848934e-08 4.659434590537982681e-08 5.041167640419048155e-08 5.426565234987629533e-08 5.856950267306515265e-08 6.405970883107929886e-08
6.389987939369279023e-09 9.421930150350433410e-09 1.042406420716724888e-08 1.097016913699751498e-08 1.138442118465379273e-08 1.168453438679965877e-08 1.193431250455841026e-08 1.218514879555390987e-08 1.243392409010924888e-08 1.273138222963547364e-08 9.421930150350433410e-09 1.594429579306931374e-08 1.856781723826229723e-08 2.006319744079733441e-08 2.115978561665657538e-08 2.198578523072038299e-08 2.267727144768832120e-08 2.333723855015694088e-08 2.402181618628435211e-08 2.482799460014680865e-08 1.042406420716724888e-08 1.856781723826229723e-08 2.218402116412184707e-08 2.449039111009184851e-08 2.615998087499322119e-08 2.743286503647719083e-08 2.859849773057436615e-08 2.952083582652864579e-08 3.066885825289305114e-08 3.191947200217598899e-08 1.097016913699751498e-08 2.006319744079733441e-08 2.449039111009184851e-08 2.755519631694398648e-08 2.977764680863476994e-08 3.149664742837716297e-08 3.294053741059426300e-08 3.428972150949985854e-08 3.570012011982999648e-08 3.737595863987755678e-08 1.138442118465379273e-08 2.115978561665657538e-08 2.615998087499322119e-08 2.977764680863476994e-08 3.252480638141002190e-08 3.468132708792222474e-08 3.649875148103540214e-08 3.819009370209091897e-08 3.995775229497334748e-08 4.206720691376229705e-08 1.168453438679965877e-08 2.198578523072038299e-08 2.743286503647719083e-08 3.149664742837716297e-08 3.468132708792222474e-08 3.725841841383469124e-08 3.946850904520002055e-08 4.152067984732005034e-08 4.366478518313834533e-08 4.623212123174011017e-08 1.193431250455841026e-08 2.267727144768832120e-08 2.859849773057436615e-08 3.294053741059426300e-08 3.649875148103540214e-08 3.946850904520002055e-08 4.207067404177646762e-08 4.450486823491274080e-08 4.705027051478778208e-08 5.010628267330062278e-08 1.218514879555390987e-08 2.333723855015694088e-08 2.952083582652864579e-08 3.428972150949985854e-08 3.819009370209091897e-08 4.152067984732005034e-08 4.450486823491274080e-08 4.737092845383145658e-08 5.038747841132483062e-08 5.402139254169745885e-08 1.243392409010924888e-08 2.402181618628435211e-08 3.066885825289305114e-08 3.570012011982999648e-08 3.995775229497334748e-08 4.366478518313834533e-08 4.705027051478778208e-08 5.038747841132483062e-08 5.399542989321586611e-08 5.839965981300427937e-08 1.273138222963547364e-08 2.482799460014680865e-08 3.191947200217598899e-08 3.737595863987755678e-08 4.206720691376229705e-08 4.623212123174011017e-08 5.010628267330062278e-08 5.402139254169745885e-08 5.839965981300427937e-08 6.399128806883539595e-08
6.140919173288552221e-09 9.142839687730469415e-09 1.006999998489404933e-08 1.060376304934700701e-08 1.100823614331770914e-08 1.130159022071636716e-08 1.154580394785128007e-08 1.179063439673885740e-08 1.203385356790766540e-08 1.232446819586080350e-08 9.142839687730469415e-09 1.548590763910260847e-08 1.808170890950132497e-08 1.956127870031036157e-08 2.064502902158836170e-08 2.146236431843094314e-08 2.214671632962034209e-08 2.279883881588216830e-08 2.347617780554474551e-08 2.427358344148611772e-08 1.006999998489404933e-08 1.808170890950132497e-08 2.174106462037891458e-08 2.404251285569457274e-08 2.571292484628696165e-08 2.699144473125854102e-08 2.806428978820260991e-08 2.907220469557500850e-08 3.012559866066790336e-08 3.137125335779651211e-08 1.060376304934700701e-08 1.956127870031036157e-08 2.404251285569457274e-08 2.703699161699311855e-08 2.925865986146260148e-08 3.091218621224153415e-08 3.238089542093002563e-08 3.371358907983279375e-08 3.511217758415597812e-08 3.681007652743677653e-08 1.100823614331770914e-08 2.064502902158836170e-08 2.571292484628696165e-08 2.925865986146260148e-08 3.201367467545977985e-08 3.417902233918678488e-08 3.600422719303770247e-08 3.770117478076122556e-08 3.947566358579856046e-08 4.159363960465979891e-08 1.130159022071636716e-08 2.146236431843094314e-08 2.699144473125854102e-08 3.091218621224153415e-08 3.417902233918678488e-08 3.677309542829603733e-08 3.899896190961502513e-08 4.106406784545870458e-08 4.322262349179753154e-08 4.580783899084657214e-08 1.154580394785128007e-08 2.214671632962034209e-08 2.806428978820260991e-08 3.238089542093002563e-08 3.600422719303770247e-08 3.899896190961502513e-08 4.162545207588455247e-08 4.408111354409219840e-08 4.664993303502591680e-08 4.973482351851349654e-08 1.179063439673885740e-08 2.279883881588216830e-08 2.907220469557500850e-08 3.371358907983279375e-08 3.770117478076122556e-08 4.106406784545870458e-08 4.408111354409219840e-08 4.697902932388020574e-08 5.003049740210872994e-08 5.370750476357229051e-08 1.203385356790766540e-08 2.347617780554474551e-08 3.012559866066790336e-08 3.511217758415597812e-08 3.947566358579856046e-08 4.322262349179753154e-08 4.664993303502591680e-08 5.003049740210872994e-08 5.368868529245091726e-08 5.815645769996023255e-08 1.232446819586080350e-08 2.427358344148611772e-08 3.137125335779651211e-08 3.681007652743677653e-08 4.159363960465979891e-08 4.580783899084657214e-08 4.973482351851349654e-08 5.370750476357229051e-08 5.815645769996023255e-08 6.384535374210594382e-08
5.870959008172688642e-09 8.810615690981056423e-09 9.676810144106628735e-09 1.019905999397860670e-08 1.059220215883587273e-08 1.087052971810705888e-08 1.112629590509416354e-08 1.134943692730413838e-08 1.158571013796121310e-08 1.187377279807440098e-08 8.810615690981056423e-09 1.502660996139451888e-08 1.750569173459999959e-08 1.896948054960716810e-08 2.003381982133314158e-08 2.083298607208267008e-08 2.152894994144023262e-08 2.223608458163749887e-08 2.290487411582499433e-08 2.369203199238253173e-08 9.676810144106628735e-09 1.750569173459999959e-08 2.121007655178139938e-08 2.349834431379667641e-08 2.515767564670954768e-08 2.642910923736466447e-08 2.749616468340528592e-08 2.849738200622853735e-08 2.954468722418244694e-08 3.078315227490874568e-08 1.019905999397860670e-08 1.896948054960716810e-08 2.349834431379667641e-08 2.643373301589602372e-08 2.864831167604971454e-08 3.036386823884378693e-08 3.182997980806437370e-08 3.316142577679287388e-08 3.455815997496655885e-08 3.625394975049986651e-08 1.059220215883587273e-08 2.003381982133314158e-08 2.515767564670954768e-08 2.864831167604971454e-08 3.138326248677339174e-08 3.354949039631326495e-08 3.546346659733372341e-08 3.716340430024664027e-08 3.894188398776825692e-08 4.106509615941812046e-08 1.087052971810705888e-08 2.083298607208267008e-08 2.642910923736466447e-08 3.036386823884378693e-08 3.354949039631326495e-08 3.624059614975548826e-08 3.847901380601260159e-08 4.055412662219987099e-08 4.272396164942896526e-08 4.532337492358172514e-08 1.112629590509416354e-08 2.152894994144023262e-08 2.749616468340528592e-08 3.182997980806437370e-08 3.546346659733372341e-08 3.847901380601260159e-08 4.108078229015708422e-08 4.354189883360176515e-08 4.611368474207490808e-08 4.924630638788848247e-08 1.134943692730413838e-08 2.223608458163749887e-08 2.849738200622853735e-08 3.316142577679287388e-08 3.716340430024664027e-08 4.055412662219987099e-08 4.354189883360176515e-08 4.652658814904098390e-08 4.960928308618594511e-08 5.332508146285888298e-08 1.158571013796121310e-08 2.290487411582499433e-08 2.954468722418244694e-08 3.455815997496655885e-08 3.894188398776825692e-08 4.272396164942896526e-08 4.611368474207490808e-08 4.960928308618594511e-08 5.331379654681009772e-08 5.784056887368050073e-08 1.187377279807440098e-08 2.369203199238253173e-08 3.078315227490874568e-08 3.625394975049986651e-08 4.106509615941812046e-08 4.532337492358172514e-08 4.924630638788848247e-08 5.332508146285888298e-08 5.784056887368050073e-08 6.362203280702878138e-08
