3.260322713297369234e-10 5.268234343113796318e-10 6.251887506647113839e-10 6.747214396401267267e-10 7.097612581606681267e-10 7.378340771415284002e-10 7.616262738380943801e-10 7.835748091327697186e-10 8.066183367231393065e-10 8.359753173041507402e-10 5.268234343113796318e-10 1.009011024429186367e-09 1.215323589842675173e-09 1.363701658919443530e-09 1.469847848697800977e-09 1.555040217291700852e-09 1.627257220906534578e-09 1.693879024210555208e-09 1.763825339588129425e-09 1.852934950054726121e-09 6.251887506647113839e-10 1.215323589842675173e-09 1.571328457606651287e-09 1.819595066830782969e-09 2.002653435870184911e-09 2.150820300161719926e-09 2.276629441512046675e-09 2.392716403527795109e-09 2.514598365903752347e-09 2.669872543178687742e-09 6.747214396401267267e-10 1.363701658919443530e-09 1.819595066830782969e-09 2.161638209568313547e-09 2.425678282476762422e-09 2.643850059483470772e-09 2.830306164382231014e-09 3.002583726464187165e-09 3.183489143076222690e-09 3.413959292044660201e-09 7.097612581606681267e-10 1.469847848697800977e-09 2.002653435870184911e-09 2.425678282476762422e-09 2.768673006598687587e-09 3.061485453745751063e-09 3.315660581028207218e-09 3.551677377049783205e-09 3.799735062690365102e-09 4.115778495675613046e-09 7.378340771415284002e-10 1.555040217291700852e-09 2.150820300161719926e-09 2.643850059483470772e-09 3.061485453745751063e-09 3.432235903443622441e-09 3.762828546118922617e-09 4.073824371486701360e-09 4.401895104223108535e-09 4.820080799145630387e-09 7.616262738380943801e-10 1.627257220906534578e-09 2.276629441512046675e-09 2.830306164382231014e-09 3.315660581028207218e-09 3.762828546118922617e-09 4.175405709200423517e-09 4.573012176179021866e-09 4.996997919977072053e-09 5.538693857527041670e-09 7.835748091327697186e-10 1.693879024210555208e-09 2.392716403527795109e-09 3.002583726464187165e-09 3.551677377049783205e-09 4.073824371486701360e-09 4.573012176179021866e-09 5.071179266969649585e-09 5.615624537031970963e-09 6.317655573590896704e-09 8.066183367231393065e-10 1.763825339588129425e-09 2.514598365903752347e-09 3.183489143076222690e-09 3.799735062690365102e-09 4.401895104223108535e-09 4.996997919977072053e-09 5.615624537031970963e-09 6.321954355005499649e-09 7.261130691293246534e-09 8.359753173041507402e-10 1.852934950054726121e-09 2.669872543178687742e-09 3.413959292044660201e-09 4.115778495675613046e-09 4.820080799145630387e-09 5.538693857527041670e-09 6.317655573590896704e-09 7.261130691293246534e-09 8.622532413375054255e-09
3.211821627815440923e-10 5.193115007771644141e-10 6.143604946257887319e-10 6.631219936011327146e-10 6.976166963389197006e-10 7.252528088557540888e-10 7.486748902200659510e-10 7.702819900630961222e-10 7.929670490453035953e-10 8.218673481570677126e-10 5.193115007771644141e-10 9.923601786673074457e-10 1.199489234871179612e-09 1.346229249386424700e-09 1.451206867040679169e-09 1.535461643423457008e-09 1.606883880578345921e-09 1.672772498230803126e-09 1.741949039760652013e-09 1.830077980096849666e-09 6.143604946257887319e-10 1.199489234871179612e-09 1.551761649631681427e-09 1.797504525755116060e-09 1.978711285000926360e-09 2.125380754832849658e-09 2.249918680190923144e-09 2.364832702900450939e-09 2.485483175828712305e-09 2.639188470379690657e-09 6.631219936011327146e-10 1.346229249386424700e-09 1.797504525755116060e-09 2.136197868048329744e-09 2.397667080759977433e-09 2.613718013372603100e-09 2.798362793599001285e-09 2.968967118360263253e-09 3.148115557733994291e-09 3.376347355257845570e-09 6.976166963389197006e-10 1.451206867040679169e-09 1.978711285000926360e-09 2.397667080759977433e-09 2.737382419399892395e-09 3.027403366774551506e-09 3.279160273561470629e-09 3.512933728665069516e-09 3.758634163336501448e-09 4.071674358843862321e-09 7.252528088557540888e-10 1.535461643423457008e-09 2.125380754832849658e-09 2.613718013372603100e-09 3.027403366774551506e-09 3.394664800624654767e-09 3.722161842280260489e-09 4.030254884710726628e-09 4.355266941736104053e-09 4.769554497120016969e-09 7.486748902200659510e-10 1.606883880578345921e-09 2.249918680190923144e-09 2.798362793599001285e-09 3.279160273561470629e-09 3.722161842280260489e-09 4.130931494706018835e-09 4.524898037373511214e-09 4.945018255696680187e-09 5.481780411973895339e-09 7.702819900630961222e-10 1.672772498230803126e-09 2.364832702900450939e-09 2.968967118360263253e-09 3.512933728665069516e-09 4.030254884710726628e-09 4.524898037373511214e-09 5.018601816642862110e-09 5.558225529041070493e-09 6.254067812026851469e-09 7.929670490453035953e-10 1.741949039760652013e-09 2.485483175828712305e-09 3.148115557733994291e-09 3.758634163336501448e-09 4.355266941736104053e-09 4.945018255696680187e-09 5.558225529041070493e-09 6.258528691483749902e-09 7.189832823866013391e-09 8.218673481570677126e-10 1.830077980096849666e-09 2.639188470379690657e-09 3.376347355257845570e-09 4.071674358843862321e-09 4.769554497120016969e-09 5.481780411973895339e-09 6.254067812026851469e-09 7.189832823866013391e-09 8.540727731117187401e-09
3.164951690491914380e-10 5.120332454781544614e-10 6.034885087490798151e-10 6.514819789994379249e-10 6.854338138103170131e-10 7.126350214514707539e-10 7.356885143013885582e-10 7.569555872020875725e-10 7.792836564230053924e-10 8.077291580258318722e-10 5.120332454781544614e-10 9.756993008940677144e-10 1.184040353147693221e-09 1.329167859716626174e-09 1.432995253877089054e-09 1.516327168309886046e-09 1.586967125373685112e-09 1.652134076318298233e-09 1.720552937809616520e-09 1.807716615095210096e-09 6.034885087490798151e-10 1.184040353147693221e-09 1.532635097310535648e-09 1.775894359302688956e-09 1.955279488705301761e-09 2.100475846423690091e-09 2.223763165921945853e-09 2.337523264623227891e-09 2.456962212491646142e-09 2.609124058263465075e-09 6.514819789994379249e-10 1.329167859716626174e-09 1.775894359302688956e-09 2.111294062637969082e-09 2.370236510041576827e-09 2.584202941600851010e-09 2.767067365074469610e-09 2.936027038023821977e-09 3.113448513128557981e-09 3.339480194724216610e-09 6.854338138103170131e-10 1.432995253877089054e-09 1.955279488705301761e-09 2.370236510041576827e-09 2.706730164987457905e-09 2.994008242276608359e-09 3.243388663673462501e-09 3.474957350188819014e-09 3.718341034533092902e-09 4.028429588656152811e-09 7.126350214514707539e-10 1.516327168309886046e-09 2.100475846423690091e-09 2.584202941600851010e-09 2.994008242276608359e-09 3.357840938438647488e-09 3.682294587905235496e-09 3.987533190289250300e-09 4.309537324643772565e-09 4.719991391873321043e-09 7.356885143013885582e-10 1.586967125373685112e-09 2.223763165921945853e-09 2.767067365074469610e-09 3.243388663673462501e-09 3.682294587905235496e-09 4.087318511937113154e-09 4.477702389271112487e-09 4.894017103584306281e-09 5.425921885261779747e-09 7.569555872020875725e-10 1.652134076318298233e-09 2.337523264623227891e-09 2.936027038023821977e-09 3.474957350188819014e-09 3.987533190289250300e-09 4.477702389271112487e-09 4.967008207015117811e-09 5.501878401986109802e-09 6.191618201720266853e-09 7.792836564230053924e-10 1.720552937809616520e-09 2.456962212491646142e-09 3.113448513128557981e-09 3.718341034533092902e-09 4.309537324643772565e-09 4.894017103584306281e-09 5.501878401986109802e-09 6.196229822078564093e-09 7.119754837134845707e-09 8.077291580258318722e-10 1.807716615095210096e-09 2.609124058263465075e-09 3.339480194724216610e-09 4.028429588656152811e-09 4.719991391873321043e-09 5.425921885261779747e-09 6.191618201720266853e-09 7.119754837134845707e-09 8.460235851863316206e-09
3.119622661737906247e-10 5.049728833127995949e-10 5.926118303770945476e-10 6.398423301621328526e-10 6.732548837143116979e-10 7.000240605120946130e-10 7.227114005829120176e-10 7.436406935367708730e-10 7.656141321514004060e-10 7.936078417033670303e-10 5.049728833127995949e-10 9.590801641342923872e-10 1.168947260295508181e-09 1.312485544987646875e-09 1.415179457645918569e-09 1.497601953089479138e-09 1.567471025518208473e-09 1.631926822291997400e-09 1.699599040938061142e-09 1.785811516174820931e-09 5.926118303770945476e-10 1.168947260295508181e-09 1.513914311571688210e-09 1.754726822285328701e-09 1.932317971305825837e-09 2.076063632861294877e-09 2.198119375408614052e-09 2.310743106763825656e-09 2.428988962558474416e-09 2.579630842556125542e-09 6.398423301621328526e-10 1.312485544987646875e-09 1.754726822285328701e-09 2.086884977851918231e-09 2.343341837459425408e-09 2.555257782572609625e-09 2.736370847950443719e-09 2.903712638927115177e-09 3.079435256603593351e-09 3.303302629465702420e-09 6.732548837143116979e-10 1.415179457645918569e-09 1.932317971305825837e-09 2.343341837459425408e-09 2.676668187606294428e-09 2.961249397331432316e-09 3.208292861793765368e-09 3.437693322614250817e-09 3.678798627726168230e-09 3.985984423711411100e-09 7.000240605120946130e-10 1.497601953089479138e-09 2.076063632861294877e-09 2.555257782572609625e-09 2.961249397331432316e-09 3.321710820981107791e-09 3.643170963126327140e-09 3.945601349906379408e-09 4.264646097332642946e-09 4.671328504065417943e-09 7.227114005829120176e-10 1.567471025518208473e-09 2.198119375408614052e-09 2.736370847950443719e-09 3.208292861793765368e-09 3.643170963126327140e-09 4.044508588066908532e-09 4.431364961807243700e-09 4.843932020508729047e-09 5.371053072552373110e-09 7.436406935367708730e-10 1.631926822291997400e-09 2.310743106763825656e-09 2.903712638927115177e-09 3.437693322614250817e-09 3.945601349906379408e-09 4.431364961807243700e-09 4.916336181079167067e-09 5.446518906328409369e-09 6.130239989998654048e-09 7.656141321514004060e-10 1.699599040938061142e-09 2.428988962558474416e-09 3.079435256603593351e-09 3.678798627726168230e-09 4.264646097332642946e-09 4.843932020508729047e-09 5.446518906328409369e-09 6.134991844134563914e-09 7.050828878878744391e-09 7.936078417033670303e-10 1.785811516174820931e-09 2.579630842556125542e-09 3.303302629465702420e-09 3.985984423711411100e-09 4.671328504065417943e-09 5.371053072552373110e-09 6.130239989998654048e-09 7.050828878878744391e-09 8.380988112166814590e-09
3.075733456576603013e-10 4.981132656067663608e-10 5.817697084004218081e-10 6.282441981574720276e-10 6.611223995990237100e-10 6.874634949676210277e-10 7.097880294020500560e-10 7.303826301876688199e-10 7.520046800707457089e-10 7.795507275998806587e-10 4.981132656067663608e-10 9.425547832831592717e-10 1.154178970316812451e-09 1.296149142351685867e-09 1.397724768202141714e-09 1.479250047862279144e-09 1.548358580495082795e-09 1.612112766400222949e-09 1.679048361805213990e-09 1.764322399636754908e-09 5.817697084004218081e-10 1.154178970316812451e-09 1.495563760455262169e-09 1.733963291954144974e-09 1.909785897116049078e-09 2.052101506256191179e-09 2.172943199366229447e-09 2.284446735041641036e-09 2.401516477661111901e-09 2.550660022446922722e-09 6.282441981574720276e-10 1.296149142351685867e-09 1.733963291954144974e-09 2.062928140353171810e-09 2.316937828816745550e-09 2.526835098768202773e-09 2.706223941708296671e-09 2.871972902891747790e-09 3.046022966747955540e-09 3.267759540836461489e-09 6.611223995990237100e-10 1.397724768202141714e-09 1.909785897116049078e-09 2.316937828816745550e-09 2.647148114599495156e-09 2.929075979798396504e-09 3.173819934083680260e-09 3.401086797770813288e-09 3.639950086002089498e-09 3.944279448147454760e-09 6.874634949676210277e-10 1.479250047862279144e-09 2.052101506256191179e-09 2.526835098768202773e-09 2.929075979798396504e-09 3.286220948195796810e-09 3.604735282755253181e-09 3.904401687145340729e-09 4.220533499406643890e-09 4.623503419390645762e-09 7.097880294020500560e-10 1.548358580495082795e-09 2.172943199366229447e-09 2.706223941708296671e-09 3.173819934083680260e-09 3.604735282755253181e-09 4.002443833459292054e-09 4.385825902483120385e-09 4.794701121070216639e-09 5.317109505142024246e-09 7.303826301876688199e-10 1.612112766400222949e-09 2.284446735041641036e-09 2.871972902891747790e-09 3.401086797770813288e-09 3.904401687145340729e-09 4.385825902483120385e-09 4.866524037356940879e-09 5.392083490287339272e-09 6.069867302366719880e-09 7.520046800707457089e-10 1.679048361805213990e-09 2.401516477661111901e-09 3.046022966747955540e-09 3.639950086002089498e-09 4.220533499406643890e-09 4.794701121070216639e-09 5.392083490287339272e-09 6.074749693636919181e-09 6.982988112357006232e-09 7.795507275998806587e-10 1.764322399636754908e-09 2.550660022446922722e-09 3.267759540836461489e-09 3.944279448147454760e-09 4.623503419390645762e-09 5.317109505142024246e-09 6.069867302366719880e-09 6.982988112357006232e-09 8.302917031781015306e-09
3.033188648845929532e-10 4.914378085909613907e-10 5.710060909212798834e-10 6.167335445666738593e-10 6.490837441273999658e-10 6.750018458279969307e-10 6.969678865414044508e-10 7.172317729482237382e-10 7.385066103796345022e-10 7.656103163266240599e-10 4.914378085909613907e-10 9.261805058152322745e-10 1.139705151180078911e-09 1.280126199624860184e-09 1.380597228114717074e-09 1.461236289185853922e-09 1.529593604843866268e-09 1.592654780329642093e-09 1.658862782206712708e-09 1.743209886205950364e-09 5.710060909212798834e-10 1.139705151180078911e-09 1.477548753112770337e-09 1.713566159488870794e-09 1.887643573203866025e-09 2.028548104853632175e-09 2.148191862254081041e-09 2.258590069738217453e-09 2.374499308844579280e-09 2.522164404636688609e-09 6.167335445666738593e-10 1.280126199624860184e-09 1.713566159488870794e-09 2.039382374666417058e-09 2.290980759754522942e-09 2.498889132497962503e-09 2.676579169665803418e-09 2.840758768412472199e-09 3.013160918288894938e-09 3.232798084004357741e-09 6.490837441273999658e-10 1.380597228114717074e-09 1.887643573203866025e-09 2.290980759754522942e-09 2.618123357070681854e-09 2.897439140584986027e-09 3.139919135359273515e-09 3.365085287329294691e-09 3.601741092013795302e-09 3.903258014632713993e-09 6.750018458279969307e-10 1.461236289185853922e-09 2.028548104853632175e-09 2.498889132497962503e-09 2.897439140584986027e-09 3.251320081220884920e-09 3.566934341038338424e-09 3.863879206248299270e-09 4.177142662350581540e-09 4.576456884496770006e-09 6.969678865414044508e-10 1.529593604843866268e-09 2.148191862254081041e-09 2.676579169665803418e-09 3.139919135359273515e-09 3.566934341038338424e-09 3.961069083447954203e-09 4.341028309939715459e-09 4.746265708124217525e-09 5.264030204500864796e-09 7.172317729482237382e-10 1.592654780329642093e-09 2.258590069738217453e-09 2.840758768412472199e-09 3.365085287329294691e-09 3.863879206248299270e-09 4.341028309939715459e-09 4.817513273826585213e-09 5.338512060545596419e-09 6.010438051831539567e-09 7.385066103796345022e-10 1.658862782206712708e-09 2.374499308844579280e-09 3.013160918288894938e-09 3.601741092013795302e-09 4.177142662350581540e-09 4.746265708124217525e-09 5.338512060545596419e-09 6.015442043364012909e-09 6.916169788140064755e-09 7.656103163266240599e-10 1.743209886205950364e-09 2.522164404636688609e-09 3.232798084004357741e-09 3.903258014632713993e-09 4.576456884496770006e-09 5.264030204500864796e-09 6.010438051831539567e-09 6.916169788140064755e-09 8.225959585442022269e-09
2.991924322112083536e-10 4.849344988599630191e-10 5.603696241673124159e-10 6.053611425989989800e-10 6.371911917446279048e-10 6.626925900925334611e-10 6.843054681905844628e-10 7.042435582175322562e-10 7.251763465869848054e-10 7.518442889465105718e-10 4.849344988599630191e-10 9.100200269791939499e-10 1.125503242033950531e-09 1.264392545393411730e-09 1.363771521724864191e-09 1.443534444605724080e-09 1.511149089206506915e-09 1.573525137989994441e-09 1.639013823561397969e-09 1.722444538672577010e-09 5.603696241673124159e-10 1.125503242033950531e-09 1.459843407112991067e-09 1.693507288689351346e-09 1.865861251905089173e-09 2.005372390834891353e-09 2.123833233373220009e-09 2.233139972012871306e-09 2.347903258835590439e-09 2.494108443464246325e-09 6.053611425989989800e-10 1.264392545393411730e-09 1.693507288689351346e-09 2.016216759195669356e-09 2.265437717214703962e-09 2.471385383652206903e-09 2.647400690783192545e-09 2.810033158370490670e-09 2.980810736481386007e-09 3.198378231119405373e-09 6.371911917446279048e-10 1.363771521724864191e-09 1.865861251905089173e-09 2.265437717214703962e-09 2.589558755503658938e-09 2.866301953793425183e-09 3.106552061539660913e-09 3.329649029504735530e-09 3.564130459624905601e-09 3.862877122580139073e-09 6.626925900925334611e-10 1.443534444605724080e-09 2.005372390834891353e-09 2.471385383652206903e-09 2.866301953793425183e-09 3.216969434530610130e-09 3.529727833530475533e-09 3.823992225831269813e-09 4.134430465673481836e-09 4.530143946507784333e-09 6.843054681905844628e-10 1.511149089206506915e-09 2.123833233373220009e-09 2.647400690783192545e-09 3.106552061539660913e-09 3.529727833530475533e-09 3.920342547343327189e-09 4.296929092458694538e-09 4.698581351430326116e-09 5.211769041479652355e-09 7.042435582175322562e-10 1.573525137989994441e-09 2.233139972012871306e-09 2.810033158370490670e-09 3.329649029504735530e-09 3.823992225831269813e-09 4.296929092458694538e-09 4.769259654207692850e-09 5.285759267713317109e-09 5.951905504067421388e-09 7.251763465869848054e-10 1.639013823561397969e-09 2.347903258835590439e-09 2.980810736481386007e-09 3.564130459624905601e-09 4.134430465673481836e-09 4.698581351430326116e-09 5.285759267713317109e-09 5.957022808447389101e-09 6.850327031702664090e-09 7.518442889465105718e-10 1.722444538672577010e-09 2.494108443464246325e-09 3.198378231119405373e-09 3.862877122580139073e-09 4.530143946507784333e-09 5.211769041479652355e-09 5.951905504067421388e-09 6.850327031702664090e-09 8.150069277994536442e-09
2.951861225797215847e-10 4.785905979977066366e-10 5.499090635470290143e-10 5.941778412933471427e-10 6.254970692686236917e-10 6.505892383439690590e-10 6.718552881988309687e-10 6.914734253646417359e-10 7.120702997483264681e-10 7.383102944207778170e-10 4.785905979977066366e-10 8.941358269074021734e-10 1.111551934633102374e-09 1.248925546016142222e-09 1.347224072267287130e-09 1.426120181633734038e-09 1.493000060680639128e-09 1.554698275661838464e-09 1.619475301856058285e-09 1.701999382805710243e-09 5.499090635470290143e-10 1.111551934633102374e-09 1.442423625789997796e-09 1.673760648216732415e-09 1.844411513319140530e-09 1.982545831987810322e-09 2.099837838244483636e-09 2.208066098184954189e-09 2.321697071392135389e-09 2.466459720130943698e-09 5.941778412933471427e-10 1.248925546016142222e-09 1.673760648216732415e-09 1.993402809219849226e-09 2.240278450437797710e-09 2.444292191898942484e-09 2.618655653738517629e-09 2.779762123654283622e-09 2.948937319773041913e-09 3.164463412481495661e-09 6.254970692686236917e-10 1.347224072267287130e-09 1.844411513319140530e-09 2.240278450437797710e-09 2.561422029841045848e-09 2.835630539758657633e-09 3.073683494849415529e-09 3.294741577888272153e-09 3.527080453566011110e-09 3.823097394874249768e-09 6.505892383439690590e-10 1.426120181633734038e-09 1.982545831987810322e-09 2.444292191898942484e-09 2.835630539758657633e-09 3.183133422273361449e-09 3.493078782946278419e-09 3.784702508800646618e-09 4.092357356035980050e-09 4.484523376190817460e-09 6.718552881988309687e-10 1.493000060680639128e-09 2.099837838244483636e-09 2.618655653738517629e-09 3.073683494849415529e-09 3.493078782946278419e-09 3.880225876754103778e-09 4.253488705597852524e-09 4.651607277655770257e-09 5.160283683310520890e-09 6.914734253646417359e-10 1.554698275661838464e-09 2.208066098184954189e-09 2.779762123654283622e-09 3.294741577888272153e-09 3.784702508800646618e-09 4.253488705597852524e-09 4.721722581547362540e-09 5.233783496069402724e-09 5.894226777650938945e-09 7.120702997483264681e-10 1.619475301856058285e-09 2.321697071392135389e-09 2.948937319773041913e-09 3.527080453566011110e-09 4.092357356035980050e-09 4.651607277655770257e-09 5.233783496069402724e-09 5.899449712007672071e-09 6.785416868000574012e-09 7.383102944207778170e-10 1.701999382805710243e-09 2.466459720130943698e-09 3.164463412481495661e-09 3.823097394874249768e-09 4.484523376190817460e-09 5.160283683310520890e-09 5.894226777650938945e-09 6.785416868000574012e-09 8.075203564864007836e-09
2.912806746353311293e-10 4.723798375125248858e-10 5.396717864859134920e-10 5.832329540314832674e-10 6.140520566670906225e-10 6.387435652459874543e-10 6.596700490105098766e-10 6.789749327176370964e-10 6.992429267666143476e-10 7.250639344169773889e-10 4.723798375125248858e-10 8.785877257862578797e-10 1.097812722628762280e-09 1.233684883164366869e-09 1.330913274139713466e-09 1.408950863215078248e-09 1.475103008056845592e-09 1.536129875692623877e-09 1.600202052769511065e-09 1.681828175659170727e-09 5.396717864859134920e-10 1.097812722628762280e-09 1.425247256162687849e-09 1.654281629511557729e-09 1.823247988097657292e-09 1.960020647196556919e-09 2.076156699458983530e-09 2.183318367290604068e-09 2.295829506951016409e-09 2.439165519059059992e-09 5.832329540314832674e-10 1.233684883164366869e-09 1.654281629511557729e-09 1.970892907320848376e-09 2.215453167481603640e-09 2.417558022714868337e-09 2.590291049711532838e-09 2.749891296161045165e-09 2.917484873074887302e-09 3.130996015077802307e-09 6.140520566670906225e-10 1.330913274139713466e-09 1.823247988097657292e-09 2.215453167481603640e-09 2.533660906241046696e-09 2.805370648253265450e-09 3.041257524066688328e-09 3.260305493975197022e-09 3.490532032825242917e-09 3.783857749061246275e-09 6.387435652459874543e-10 1.408950863215078248e-09 1.960020647196556919e-09 2.417558022714868337e-09 2.805370648253265450e-09 3.149755664570428680e-09 3.456929050007987753e-09 3.745950313808646228e-09 4.050861916011406721e-09 4.439531621750217863e-09 6.596700490105098766e-10 1.475103008056845592e-09 2.076156699458983530e-09 2.590291049711532838e-09 3.041257524066688328e-09 3.456929050007987753e-09 3.840659146648958151e-09 4.210645638894091934e-09 4.605280336963447173e-09 5.109508897533668907e-09 6.789749327176370964e-10 1.536129875692623877e-09 2.183318367290604068e-09 2.749891296161045165e-09 3.260305493975197022e-09 3.745950313808646228e-09 4.210645638894091934e-09 4.674839053876795008e-09 5.182520259708025849e-09 5.837335527378084132e-09 6.992429267666143476e-10 1.600202052769511065e-09 2.295829506951016409e-09 2.917484873074887302e-09 3.490532032825242917e-09 4.050861916011406721e-09 4.605280336963447173e-09 5.182520259708025849e-09 5.842657079642151725e-09 6.721372248694533442e-09 7.250639344169773889e-10 1.681828175659170727e-09 2.439165519059059992e-09 3.130996015077802307e-09 3.783857749061246275e-09 4.439531621750217863e-09 5.109508897533668907e-09 5.837335527378084132e-09 6.721372248694533442e-09 8.001295037812941800e-09
2.874561479590560407e-10 4.662755268402947665e-10 5.297050184659048064e-10 5.725756442311897380e-10 6.029066853694504572e-10 6.272071980665020088e-10 6.478023066425585025e-10 6.668014930704216754e-10 6.867485399483570891e-10 7.121606672011978320e-10 4.662755268402947665e-10 8.634354477192021435e-10 1.084248129076810185e-09 1.218631589008790516e-09 1.314799098961945377e-09 1.391985611138547478e-09 1.457416332883685936e-09 1.517777675177511293e-09 1.581151115804319375e-09 1.661887068026837280e-09 5.297050184659048064e-10 1.084248129076810185e-09 1.408273930853453595e-09 1.635027869525631473e-09 1.802326876773693357e-09 1.937751884932476703e-09 2.052743889258444002e-09 2.158849951024759143e-09 2.270252791746158331e-09 2.412176861997872697e-09 5.725756442311897380e-10 1.218631589008790516e-09 1.635027869525631473e-09 1.948642224656294761e-09 2.190915246803510919e-09 2.391134817121724721e-09 2.562257603802297255e-09 2.720370279994318708e-09 2.886401823668999437e-09 3.097922966966261115e-09 6.029066853694504572e-10 1.314799098961945377e-09 1.802326876773693357e-09 2.190915246803510919e-09 2.506226701466059061e-09 2.775471954056466357e-09 3.009222445209000530e-09 3.226287806353352346e-09 3.454430896191657471e-09 3.745102189900087602e-09 6.272071980665020088e-10 1.391985611138547478e-09 1.937751884932476703e-09 2.391134817121724721e-09 2.775471954056466357e-09 3.116784061280987568e-09 3.421225071627709820e-09 3.707680746845344894e-09 4.009887859558334848e-09 4.395110624580873298e-09 6.478023066425585025e-10 1.457416332883685936e-09 2.052743889258444002e-09 2.562257603802297255e-09 3.009222445209000530e-09 3.421225071627709820e-09 3.801587310612201863e-09 4.168343532606128792e-09 4.559542813686143933e-09 5.059385246684644777e-09 6.668014930704216754e-10 1.517777675177511293e-09 2.158849951024759143e-09 2.720370279994318708e-09 3.226287806353352346e-09 3.707680746845344894e-09 4.168343532606128792e-09 4.628551485390869314e-09 5.131910762058856254e-09 5.781171444362823528e-09 6.867485399483570891e-10 1.581151115804319375e-09 2.270252791746158331e-09 2.886401823668999437e-09 3.454430896191657471e-09 4.009887859558334848e-09 4.559542813686143933e-09 5.131910762058856254e-09 5.786585183230542721e-09 6.658132395484783323e-09 7.121606672011978320e-10 1.661887068026837280e-09 2.412176861997872697e-09 3.097922966966261115e-09 3.745102189900087602e-09 4.395110624580873298e-09 5.059385246684644777e-09 5.781171444362823528e-09 6.658132395484783323e-09 7.928282844322938609e-09
2.836961288123084229e-10 4.512122672365782388e-10 5.200554026571628727e-10 5.622544833501472400e-10 5.921108880333657582e-10 6.160311598451253084e-10 6.363040082589130661e-10 6.550059060978388166e-10 6.746408340019037686e-10 6.996553277355479107e-10 4.512122672365782388e-10 8.487380961796661565e-10 1.070827886783406675e-09 1.203734256329150587e-09 1.298849326900102429e-09 1.375191554355238028e-09 1.439906612196316975e-09 1.499607741984599455e-09 1.562288024269566825e-09 1.642140912207541153e-09 5.200554026571628727e-10 1.070827886783406675e-09 1.391471163423555542e-09 1.615965295180559862e-09 1.781612959218944804e-09 1.915703404820927062e-09 2.029562487498756268e-09 2.134623209938568446e-09 2.244928531151949390e-09 2.385454392252022980e-09 5.622544833501472400e-10 1.203734256329150587e-09 1.615965295180559862e-09 1.926614669531249722e-09 2.166627120665554055e-09 2.364983823625277743e-09 2.534515563576484250e-09 2.691158400045747169e-09 2.855646527840831755e-09 3.065201390466519021e-09 5.921108880333657582e-10 1.298849326900102429e-09 1.781612959218944804e-09 2.166627120665554055e-09 2.479080122262098474e-09 2.745893791215607717e-09 2.977536441702455057e-09 3.192645641428205236e-09 3.418733061161058237e-09 3.706785322259256088e-09 6.160311598451253084e-10 1.375191554355238028e-09 1.915703404820927062e-09 2.364983823625277743e-09 2.745893791215607717e-09 3.084176453155864125e-09 3.385923463899867421e-09 3.669849312593469844e-09 3.969389529681582050e-09 4.351213248570030244e-09 6.363040082589130661e-10 1.439906612196316975e-09 2.029562487498756268e-09 2.534515563576484250e-09 2.977536441702455057e-09 3.385923463899867421e-09 3.762965747527563946e-09 4.126536678289551170e-09 4.514347880278062858e-09 5.009864483015666429e-09 6.550059060978388166e-10 1.499607741984599455e-09 2.134623209938568446e-09 2.691158400045747169e-09 3.192645641428205236e-09 3.669849312593469844e-09 4.126536678289551170e-09 4.582813172173741392e-09 5.081907329044484980e-09 5.725685648117590212e-09 6.746408340019037686e-10 1.562288024269566825e-09 2.244928531151949390e-09 2.855646527840831755e-09 3.418733061161058237e-09 3.969389529681582050e-09 4.514347880278062858e-09 5.081907329044484980e-09 5.731185659158435997e-09 6.595648200497470879e-09 6.996553277355479107e-10 1.642140912207541153e-09 2.385454392252022980e-09 3.065201390466519021e-09 3.706785322259256088e-09 4.351213248570030244e-09 5.009864483015666429e-09 5.725685648117590212e-09 6.595648200497470879e-09 7.856118103834234194e-09
2.799844488114540296e-10 4.429857219531858028e-10 5.107564076912753575e-10 5.523045552520174995e-10 5.817008886400305988e-10 6.052525878436473789e-10 6.252130651458074987e-10 6.436267971348398076e-10 6.629591839205633625e-10 6.875882460720152580e-10 4.429857219531858028e-10 8.345398183232810335e-10 1.057522609292036926e-09 1.188962435567781103e-09 1.283032751258824251e-09 1.358536879422260357e-09 1.422541518318686625e-09 1.481587274034160144e-09 1.543579478024646704e-09 1.622555773547184150e-09 5.107564076912753575e-10 1.057522609292036926e-09 1.374807525650292349e-09 1.597061031325569031e-09 1.761072315695094006e-09 1.893840448913965918e-09 2.006577025923223928e-09 2.110602020540786731e-09 2.219819913767655183e-09 2.358960422046665382e-09 5.523045552520174995e-10 1.188962435567781103e-09 1.597061031325569031e-09 1.904775548733225356e-09 2.142552767047118183e-09 2.339067953346287655e-09 2.507026937778470593e-09 2.662216833243164331e-09 2.825179289301466548e-09 3.032790476846181488e-09 5.817008886400305988e-10 1.283032751258824251e-09 1.761072315695094006e-09 2.142552767047118183e-09 2.452183598972860483e-09 2.716597355531471207e-09 2.946159673945229729e-09 3.159338208612456696e-09 3.383396739553849875e-09 3.668864087145231277e-09 6.052525878436473789e-10 1.358536879422260357e-09 1.893840448913965918e-09 2.339067953346287655e-09 2.716597355531471207e-09 3.051892692443423787e-09 3.350982977225011685e-09 3.632413762764153957e-09 3.929323634725789620e-09 4.307794873659570333e-09 6.252130651458074987e-10 1.422541518318686625e-09 2.006577025923223928e-09 2.507026937778470593e-09 2.946159673945229729e-09 3.350982977225011685e-09 3.724752097454933413e-09 4.085181744743241451e-09 4.469651208110309179e-09 4.960901012613361602e-09 6.436267971348398076e-10 1.481587274034160144e-09 2.110602020540786731e-09 2.662216833243164331e-09 3.159338208612456696e-09 3.632413762764153957e-09 4.085181744743241451e-09 4.537579906024119754e-09 5.032464905763881488e-09 5.670832033987134315e-09 6.629591839205633625e-10 1.543579478024646704e-09 2.219819913767655183e-09 2.825179289301466548e-09 3.383396739553849875e-09 3.929323634725789620e-09 4.469651208110309179e-09 5.032464905763881488e-09 5.676412885948046770e-09 6.533873451296456886e-09 6.875882460720152580e-10 1.622555773547184150e-09 2.358960422046665382e-09 3.032790476846181488e-09 3.668864087145231277e-09 4.307794873659570333e-09 4.960901012613361602e-09 5.670832033987134315e-09 6.533873451296456886e-09 7.784754970845363736e-09
2.763060943247768876e-10 4.350930016849536923e-10 5.018275851346604630e-10 5.427466632725625833e-10 5.716983739655038340e-10 5.948938765052715304e-10 6.145524715066254794e-10 6.326877136789324562e-10 6.517277180814898747e-10 6.759842906346221259e-10 4.350930016849536923e-10 8.208687194721727061e-10 1.044307906134272614e-09 1.174291073001989502e-09 1.267323844089637060e-09 1.341995678274368383e-09 1.405294821017525604e-09 1.463689743870973262e-09 1.524998637573989638e-09 1.603104415020691196e-09 5.018275851346604630e-10 1.044307906134272614e-09 1.358257356842516407e-09 1.578288450400941948e-09 1.740677614538499863e-09 1.872135119724194704e-09 1.983759127417440213e-09 2.086757563266367728e-09 2.194897655516993194e-09 2.332665075533474473e-09 5.427466632725625833e-10 1.174291073001989502e-09 1.578288450400941948e-09 1.883096955135421483e-09 2.118663330431379600e-09 2.313357585507504523e-09 2.479761457554827243e-09 2.633514713333152020e-09 2.794968614685823620e-09 3.000657933826499813e-09 5.716983739655038340e-10 1.267323844089637060e-09 1.740677614538499863e-09 2.118663330431379600e-09 2.425507130025956584e-09 2.687551720818027962e-09 2.915060438201808980e-09 3.126333090398709545e-09 3.348388765294518932e-09 3.631304364916508492e-09 5.948938765052715304e-10 1.341995678274368383e-09 1.872135119724194704e-09 2.313357585507504523e-09 2.687551720818027962e-09 3.019900811877671839e-09 3.316370788274258257e-09 3.595340500616316008e-09 3.889655771029169395e-09 4.264820069000743346e-09 6.145524715066254794e-10 1.405294821017525604e-09 1.983759127417440213e-09 2.479761457554827243e-09 2.915060438201808980e-09 3.316370788274258257e-09 3.686912656183638772e-09 4.044244265770373529e-09 4.425417553041768778e-09 4.912458605594561813e-09 6.326877136789324562e-10 1.463689743870973262e-09 2.086757563266367728e-09 2.633514713333152020e-09 3.126333090398709545e-09 3.595340500616316008e-09 4.044244265770373529e-09 4.492816537073547173e-09 4.983547697767504783e-09 5.616574014748625158e-09 6.517277180814898747e-10 1.524998637573989638e-09 2.194897655516993194e-09 2.794968614685823620e-09 3.348388765294518932e-09 3.889655771029169395e-09 4.425417553041768778e-09 4.983547697767504783e-09 5.622230684495096381e-09 6.472771606820776924e-09 6.759842906346221259e-10 1.603104415020691196e-09 2.332665075533474473e-09 3.000657933826499813e-09 3.631304364916508492e-09 4.264820069000743346e-09 4.912458605594561813e-09 5.616574014748625158e-09 6.472771606820776924e-09 7.714157456236650835e-09
2.726477263274572581e-10 4.275420018511537698e-10 4.932779590419479246e-10 5.335905020430617382e-10 5.621135116840433170e-10 5.849655724219153624e-10 6.043330950719426429e-10 6.221998197208415426e-10 6.409579115048417357e-10 6.648553327003801178e-10 4.275420018511537698e-10 8.077384374819749720e-10 1.031165626279045929e-09 1.159701772973325385e-09 1.251704029521058798e-09 1.325549230257452025e-09 1.388147676911507991e-09 1.445896194880874668e-09 1.506526427427809287e-09 1.583767609694096517e-09 4.932779590419479246e-10 1.031165626279045929e-09 1.341801986407673127e-09 1.559628341207956838e-09 1.720409231241578599e-09 1.850567458724583870e-09 1.961088550257434168e-09 2.063069335151359603e-09 2.170140979171098372e-09 2.306547226078932625e-09 5.335905020430617382e-10 1.159701772973325385e-09 1.559628341207956838e-09 1.861558789638856168e-09 2.094938014738686772e-09 2.287831357613387692e-09 2.452697280761703373e-09 2.605029756131726897e-09 2.764991755801193124e-09 2.968780422088435386e-09 5.621135116840433170e-10 1.251704029521058798e-09 1.720409231241578599e-09 2.094938014738686772e-09 2.399028983427734449e-09 2.658734394903833444e-09 2.884215603692941679e-09 3.093606570310414263e-09 3.313684807776731867e-09 3.594081042666556644e-09 5.849655724219153624e-10 1.325549230257452025e-09 1.850567458724583870e-09 2.287831357613387692e-09 2.658734394903833444e-09 2.988177413313711751e-09 3.282062756186992295e-09 3.558604716062817185e-09 3.850360430791479478e-09 4.222262438689615183e-09 6.043330950719426429e-10 1.388147676911507991e-09 1.961088550257434168e-09 2.452697280761703373e-09 2.884215603692941679e-09 3.282062756186992295e-09 3.649422492513478584e-09 4.003698630364885122e-09 4.381620611404777302e-09 4.864510080915289959e-09 6.221998197208415426e-10 1.445896194880874668e-09 2.063069335151359603e-09 2.605029756131726897e-09 3.093606570310414263e-09 3.558604716062817185e-09 4.003698630364885122e-09 4.448496829815353679e-09 4.935128883407164462e-09 5.562884049246978791e-09 6.409579115048417357e-10 1.506526427427809287e-09 2.170140979171098372e-09 2.764991755801193124e-09 3.313684807776731867e-09 3.850360430791479478e-09 4.381620611404777302e-09 4.935128883407164462e-09 5.568611873467360101e-09 6.412315152115372292e-09 6.648553327003801178e-10 1.583767609694096517e-09 2.306547226078932625e-09 2.968780422088435386e-09 3.594081042666556644e-09 4.222262438689615183e-09 4.864510080915289959e-09 5.562884049246978791e-09 6.412315152115372292e-09 7.644298563031843960e-09
2.689918179452472310e-10 4.203344473059512827e-10 4.851095684623463496e-10 5.248382929759708012e-10 5.529486515729141497e-10 5.754701281816142766e-10 5.945574755644779595e-10 6.121657353711421803e-10 6.306524686908563276e-10 6.542041842901546527e-10 4.203344473059512827e-10 7.951520710636015573e-10 1.018069653639701477e-09 1.145167748515511887e-09 1.236146035902709579e-09 1.309169874664481171e-09 1.371072095520415748e-09 1.428178332353127972e-09 1.488134233472258470e-09 1.564516336539285100e-09 4.851095684623463496e-10 1.018069653639701477e-09 1.325413926633458460e-09 1.541052109588561458e-09 1.700237737509277054e-09 1.829107364426287847e-09 1.938534622322341239e-09 2.039506137682488793e-09 2.145518133567976151e-09 2.280574418459623805e-09 5.248382929759708012e-10 1.145167748515511887e-09 1.541052109588561458e-09 1.840130838548393722e-09 2.071345342162209393e-09 2.262456767768614895e-09 2.425801038306069473e-09 2.576727792998966815e-09 2.735213704647862979e-09 2.937121864315520266e-09 5.529486515729141497e-10 1.236146035902709579e-09 1.700237737509277054e-09 2.071345342162209393e-09 2.372716052011370758e-09 2.630110952754339409e-09 2.853589634926375956e-09 3.061122091787657945e-09 3.279247239179445448e-09 3.557155127894639398e-09 5.754701281816142766e-10 1.309169874664481171e-09 1.829107364426287847e-09 2.262456767768614895e-09 2.630110952754339409e-09 2.956686529727500756e-09 3.248021632902717949e-09 3.522167994623760941e-09 3.811397979596483087e-09 4.180080794872243018e-09 5.945574755644779595e-10 1.371072095520415748e-09 1.938534622322341239e-09 2.425801038306069473e-09 2.853589634926375956e-09 3.248021632902717949e-09 3.612242972309278708e-09 3.963504972994157063e-09 4.338219244940970928e-09 4.817012683759260889e-09 6.121657353711421803e-10 1.428178332353127972e-09 2.039506137682488793e-09 2.576727792998966815e-09 3.061122091787657945e-09 3.522167994623760941e-09 3.963504972994157063e-09 4.404579689558520232e-09 4.887166144109023373e-09 5.509718286062530026e-09 6.306524686908563276e-10 1.488134233472258470e-09 2.145518133567976151e-09 2.735213704647862979e-09 3.279247239179445448e-09 3.811397979596483087e-09 4.338219244940970928e-09 4.887166144109023373e-09 5.515513072363303337e-09 6.352459474725913746e-09 6.542041842901546527e-10 1.564516336539285100e-09 2.280574418459623805e-09 2.937121864315520266e-09 3.557155127894639398e-09 4.180080794872243018e-09 4.817012683759260889e-09 5.509718286062530026e-09 6.352459474725913746e-09 7.575133180960915638e-09
2.653213272710413583e-10 4.134717492663172764e-10 4.773241559602826201e-10 5.164919754731638033e-10 5.442058716688344376e-10 5.664097328592853912e-10 5.852278961667131134e-10 6.025878306325426730e-10 6.208138507851274084e-10 6.440334226742926349e-10 4.134717492663172764e-10 7.831126385081667077e-10 1.004995588026576130e-09 1.130664083678795280e-09 1.220624571719171817e-09 1.292832018292921183e-09 1.354042227908505479e-09 1.410510071426983775e-09 1.469795723157429867e-09 1.545323947451941894e-09 4.773241559602826201e-10 1.004995588026576130e-09 1.309067738126306637e-09 1.522533404893562828e-09 1.680136083778282136e-09 1.807727222171800071e-09 1.916069249938023648e-09 2.016039435311056787e-09 2.121000119244726336e-09 2.254717062194771946e-09 5.164919754731638033e-10 1.130664083678795280e-09 1.522533404893562828e-09 1.818785341125576512e-09 2.047856429714727346e-09 2.237204022252787735e-09 2.399042165341351018e-09 2.548577548132535488e-09 2.705602439064587308e-09 2.905649287507867905e-09 5.442058716688344376e-10 1.220624571719171817e-09 1.680136083778282136e-09 2.047856429714727346e-09 2.346537967504969224e-09 2.601649823461075916e-09 2.823149947843413689e-09 3.028846139103296211e-09 3.245041566274087310e-09 3.520490882130790272e-09 5.664097328592853912e-10 1.292832018292921183e-09 1.807727222171800071e-09 2.237204022252787735e-09 2.601649823461075916e-09 2.925395164290188995e-09 3.214213236667164167e-09 3.485995074856654810e-09 3.772732026566426429e-09 4.138237308481169611e-09 5.852278961667131134e-10 1.354042227908505479e-09 1.916069249938023648e-09 2.399042165341351018e-09 2.823149947843413689e-09 3.214213236667164167e-09 3.575338618142441274e-09 3.923626662277811425e-09 4.295175628990651698e-09 4.769927073925630717e-09 6.025878306325426730e-10 1.410510071426983775e-09 2.016039435311056787e-09 2.548577548132535488e-09 3.028846139103296211e-09 3.485995074856654810e-09 3.923626662277811425e-09 4.361027318248389051e-09 4.839620519241190128e-09 5.457036309073446364e-09 6.208138507851274084e-10 1.469795723157429867e-09 2.121000119244726336e-09 2.705602439064587308e-09 3.245041566274087310e-09 3.772732026566426429e-09 4.295175628990651698e-09 4.839620519241190128e-09 5.462894296852971577e-09 6.293163403867581863e-09 6.440334226742926349e-10 1.545323947451941894e-09 2.254717062194771946e-09 2.905649287507867905e-09 3.520490882130790272e-09 4.138237308481169611e-09 4.769927073925630717e-09 5.457036309073446364e-09 6.293163403867581863e-09 7.506619637125192847e-09
