3.786865251620903744e-09 5.010377247272512729e-09 5.412802538905253245e-09 5.656194953929419356e-09 5.828167174848539999e-09 5.965946104062809721e-09 6.082726014019555926e-09 6.190469918502596381e-09 6.303610525302867293e-09 6.447738910323505594e-09 5.010377247272512729e-09 7.122622399897319484e-09 7.929805091098249132e-09 8.429441134715986699e-09 8.862811666633670746e-09 9.147262778235099823e-09 9.388375317049831845e-09 9.610831930064523093e-09 9.844430024067164123e-09 1.014203620445434184e-08 5.412802538905253245e-09 7.929805091098249132e-09 9.068231943828725594e-09 9.750015158465140060e-09 1.023946211135225647e-08 1.063297013365134056e-08 1.096669268922067808e-08 1.127461074743152069e-08 1.159795201836304592e-08 1.200990946072869609e-08 5.656194953929419356e-09 8.429441134715986699e-09 9.750015158465140060e-09 1.057861052159498411e-08 1.118559504701881874e-08 1.167767746359853262e-08 1.209587480216069771e-08 1.248189514332512332e-08 1.288726763596054799e-08 1.340375325384273408e-08 5.828167174848539999e-09 8.862811666633670746e-09 1.023946211135225647e-08 1.118559504701881874e-08 1.189522705263027095e-08 1.247823738023473155e-08 1.297653661156489703e-08 1.343728566472365514e-08 1.392125702175458566e-08 1.453791017537905712e-08 5.965946104062809721e-09 9.147262778235099823e-09 1.063297013365134056e-08 1.167767746359853262e-08 1.247823738023473155e-08 1.314713877061040165e-08 1.372519017757153525e-08 1.426216378605513763e-08 1.482686869297469602e-08 1.554650432164054301e-08 6.082726014019555926e-09 9.388375317049831845e-09 1.096669268922067808e-08 1.209587480216069771e-08 1.297653661156489703e-08 1.372519017757153525e-08 1.438164943138502750e-08 1.499704648965690896e-08 1.564673038174177916e-08 1.647527650413892136e-08 6.190469918502596381e-09 9.610831930064523093e-09 1.127461074743152069e-08 1.248189514332512332e-08 1.343728566472365514e-08 1.426216378605513763e-08 1.499704648965690896e-08 1.569599019940357027e-08 1.644074840513007554e-08 1.739355695973441729e-08 6.303610525302867293e-09 9.844430024067164123e-09 1.159795201836304592e-08 1.288726763596054799e-08 1.392125702175458566e-08 1.482686869297469602e-08 1.564673038174177916e-08 1.644074840513007554e-08 1.730194940213625888e-08 1.841643809985466102e-08 6.447738910323505594e-09 1.014203620445434184e-08 1.200990946072869609e-08 1.340375325384273408e-08 1.453791017537905712e-08 1.554650432164054301e-08 1.647527650413892136e-08 1.739355695973441729e-08 1.841643809985466102e-08 1.978523547594572554e-08
3.708531891864627803e-09 4.929782447845296522e-09 5.333036756253979071e-09 5.576967542145209194e-09 5.749322300788438020e-09 5.887407809017103470e-09 6.004447608081070624e-09 6.112431274634636131e-09 6.225823654161006173e-09 6.370273583580995555e-09 4.929782447845296522e-09 7.051682905410065492e-09 7.930026209281772760e-09 8.435363692123901422e-09 8.793901313229467633e-09 9.081297012667108826e-09 9.324905864258181423e-09 9.549665638789679030e-09 9.785682270327971366e-09 1.008637110602094937e-08 5.333036756253979071e-09 7.930026209281772760e-09 9.004307061539192904e-09 9.695784695670510660e-09 1.019234751089194155e-08 1.059160574490329593e-08 1.093020896366258241e-08 1.124263068787164614e-08 1.157070126593389882e-08 1.198868587753802113e-08 5.576967542145209194e-09 8.435363692123901422e-09 9.695784695670510660e-09 1.053807764310072199e-08 1.115549055779054715e-08 1.165613577064707962e-08 1.208163173461608785e-08 1.247439279104762693e-08 1.288684433935493729e-08 1.341235138690781120e-08 5.749322300788438020e-09 8.793901313229467633e-09 1.019234751089194155e-08 1.115549055779054715e-08 1.187858799412080657e-08 1.247291096612442109e-08 1.298095292575092204e-08 1.345072899251705000e-08 1.394418512674078061e-08 1.457292577326188999e-08 5.887407809017103470e-09 9.081297012667108826e-09 1.059160574490329593e-08 1.165613577064707962e-08 1.247291096612442109e-08 1.315580955542871041e-08 1.374614134139560509e-08 1.429458442178456226e-08 1.487136582880599285e-08 1.560639575224363527e-08 6.004447608081070624e-09 9.324905864258181423e-09 1.093020896366258241e-08 1.208163173461608785e-08 1.298095292575092204e-08 1.374614134139560509e-08 1.441744250302274437e-08 1.504690752383632204e-08 1.571149966348789671e-08 1.655907333909725889e-08 6.112431274634636131e-09 9.549665638789679030e-09 1.124263068787164614e-08 1.247439279104762693e-08 1.345072899251705000e-08 1.429458442178456226e-08 1.504690752383632204e-08 1.576275272343420792e-08 1.652568485736099574e-08 1.750180706029913550e-08 6.225823654161006173e-09 9.785682270327971366e-09 1.157070126593389882e-08 1.288684433935493729e-08 1.394418512674078061e-08 1.487136582880599285e-08 1.571149966348789671e-08 1.652568485736099574e-08 1.740915068349026309e-08 1.855270354400275997e-08 6.370273583580995555e-09 1.008637110602094937e-08 1.198868587753802113e-08 1.341235138690781120e-08 1.457292577326188999e-08 1.560639575224363527e-08 1.655907333909725889e-08 1.750180706029913550e-08 1.855270354400275997e-08 1.995986411925739274e-08
3.625481704738780314e-09 4.882875585256808225e-09 5.286565823879593567e-09 5.530789135319783123e-09 5.703354896358948296e-09 5.841609258181343816e-09 5.958792847900906705e-09 6.066909163127615879e-09 6.180440151044419187e-09 6.325067502787352564e-09 4.882875585256808225e-09 7.011958103881961990e-09 7.834863651060866473e-09 8.344689982039235513e-09 8.706451022720057560e-09 8.996434456165986571e-09 9.242237163419220017e-09 9.469021045085780743e-09 9.707163185306651394e-09 1.001056141976515177e-08 5.286565823879593567e-09 7.834863651060866473e-09 8.921749652543741705e-09 9.622230927648168747e-09 1.012542560617687992e-08 1.053004720672588743e-08 1.087320334162866779e-08 1.118982636004991987e-08 1.152230873244294478e-08 1.194591606683834210e-08 5.530789135319783123e-09 8.344689982039235513e-09 9.622230927648168747e-09 1.047751101592561988e-08 1.110486277261540508e-08 1.161368262031786901e-08 1.204614910873431955e-08 1.244534833745816940e-08 1.286456126627804392e-08 1.339868509731069218e-08 5.703354896358948296e-09 8.706451022720057560e-09 1.012542560617687992e-08 1.110486277261540508e-08 1.184094505282036971e-08 1.244620636811457366e-08 1.296367743590920167e-08 1.344219214315679409e-08 1.394483039426818496e-08 1.458527303963633824e-08 5.841609258181343816e-09 8.996434456165986571e-09 1.053004720672588743e-08 1.161368262031786901e-08 1.244620636811457366e-08 1.314274985712165893e-08 1.374507364606756300e-08 1.430472381759121269e-08 1.489330712722152304e-08 1.564338174025747165e-08 5.958792847900906705e-09 9.242237163419220017e-09 1.087320334162866779e-08 1.204614910873431955e-08 1.296367743590920167e-08 1.374507364606756300e-08 1.443096037064259998e-08 1.507426705195671868e-08 1.575353374417192306e-08 1.661983824826098659e-08 6.066909163127615879e-09 9.469021045085780743e-09 1.118982636004991987e-08 1.244534833745816940e-08 1.344219214315679409e-08 1.430472381759121269e-08 1.507426705195671868e-08 1.580683317795062756e-08 1.658776227796252018e-08 1.758697761133220902e-08 6.180440151044419187e-09 9.707163185306651394e-09 1.152230873244294478e-08 1.286456126627804392e-08 1.394483039426818496e-08 1.489330712722152304e-08 1.575353374417192306e-08 1.658776227796252018e-08 1.749339592406576975e-08 1.866591164647932309e-08 6.325067502787352564e-09 1.001056141976515177e-08 1.194591606683834210e-08 1.339868509731069218e-08 1.458527303963633824e-08 1.564338174025747165e-08 1.661983824826098659e-08 1.758697761133220902e-08 1.866591164647932309e-08 2.011155163645634540e-08
3.539255815897974976e-09 4.764768184909459249e-09 5.167557705714970980e-09 5.411278458928486485e-09 5.583491680655728568e-09 5.721463745471030808e-09 5.838408072817295057e-09 5.946303619558056865e-09 6.059602800825555312e-09 6.203935811373272567e-09 4.764768184909459249e-09 6.895195074809181441e-09 7.723743389256698450e-09 8.237403376220346537e-09 8.601925649616183387e-09 8.894126620763163877e-09 9.141809417234598099e-09 9.370327917815274227e-09 9.610291581113443336e-09 9.916011982114996701e-09 5.167557705714970980e-09 7.723743389256698450e-09 8.822001204896569986e-09 9.530754054980472297e-09 1.004006706745457462e-08 1.044964150061362820e-08 1.079700272284518321e-08 1.111750613583762692e-08 1.145406333355671222e-08 1.188286413823555126e-08 5.411278458928486485e-09 8.237403376220346537e-09 9.530754054980472297e-09 1.039825671726814204e-08 1.103501876669630258e-08 1.155159373348827409e-08 1.199067604814342928e-08 1.239598636315424506e-08 1.282161722428109875e-08 1.336392033727673300e-08 5.583491680655728568e-09 8.601925649616183387e-09 1.004006706745457462e-08 1.103501876669630258e-08 1.178355915757455649e-08 1.239934727696655093e-08 1.292590218103796773e-08 1.341283792981440699e-08 1.392432494453387437e-08 1.457604496992232863e-08 5.721463745471030808e-09 8.894126620763163877e-09 1.044964150061362820e-08 1.155159373348827409e-08 1.239934727696655093e-08 1.310914114865755663e-08 1.372313253051057418e-08 1.429369408502739952e-08 1.489376968748208580e-08 1.565849475475002680e-08 5.838408072817295057e-09 9.141809417234598099e-09 1.079700272284518321e-08 1.199067604814342928e-08 1.292590218103796773e-08 1.372313253051057418e-08 1.442330847938349459e-08 1.508019341838221520e-08 1.577386195224010535e-08 1.665855082151437503e-08 5.946303619558056865e-09 9.370327917815274227e-09 1.111750613583762692e-08 1.239598636315424506e-08 1.341283792981440699e-08 1.429369408502739952e-08 1.508019341838221520e-08 1.582925912788563541e-08 1.662796525926098319e-08 1.764999840398386268e-08 6.059602800825555312e-09 9.610291581113443336e-09 1.145406333355671222e-08 1.282161722428109875e-08 1.392432494453387437e-08 1.489376968748208580e-08 1.577386195224010535e-08 1.662796525926098319e-08 1.755562243639700632e-08 1.875693939620395006e-08 6.203935811373272567e-09 9.916011982114996701e-09 1.188286413823555126e-08 1.336392033727673300e-08 1.457604496992232863e-08 1.565849475475002680e-08 1.665855082151437503e-08 1.764999840398386268e-08 1.875693939620395006e-08 2.024110777406864253e-08
3.450814604664322392e-09 4.638266959647675294e-09 5.039499101690023403e-09 5.282322071071911440e-09 5.453903629533693261e-09 5.591369779559883820e-09 5.707885307628900234e-09 5.815385214563689937e-09 5.928268960308813573e-09 6.072073708564808432e-09 4.638266959647675294e-09 6.766680168243957368e-09 7.599763732654978964e-09 8.116591328642608939e-09 8.483404845056894166e-09 8.777446896062135520e-09 9.026690707301712894e-09 9.256649442040859575e-09 9.498125500380816139e-09 9.805774255152124485e-09 5.039499101690023403e-09 7.599763732654978964e-09 8.708115725860167123e-09 9.424377264967739745e-09 9.939272706161630104e-09 1.035337143473401643e-08 1.070457464833376523e-08 1.102862347095679347e-08 1.136890373355121310e-08 1.180244988000992803e-08 5.282322071071911440e-09 8.116591328642608939e-09 9.424377264967739745e-09 1.030329195075460968e-08 1.094890180091098007e-08 1.147278489648451762e-08 1.191810501938929385e-08 1.232917781860937955e-08 1.276086056930823710e-08 1.331087664346621492e-08 5.453903629533693261e-09 8.483404845056894166e-09 9.939272706161630104e-09 1.094890180091098007e-08 1.170933039331148731e-08 1.233519858980548340e-08 1.287046215758112820e-08 1.336547375645146834e-08 1.388544720479328521e-08 1.454798303920293325e-08 5.591369779559883820e-09 8.777446896062135520e-09 1.035337143473401643e-08 1.147278489648451762e-08 1.233519858980548340e-08 1.305780663147132031e-08 1.368310572067194308e-08 1.426425019299819890e-08 1.487547406805829304e-08 1.565441147613285443e-08 5.707885307628900234e-09 9.026690707301712894e-09 1.070457464833376523e-08 1.191810501938929385e-08 1.287046215758112820e-08 1.368310572067194308e-08 1.439723426585539057e-08 1.506739678740403372e-08 1.577515525587590858e-08 1.667783204145580901e-08 5.815385214563689937e-09 9.256649442040859575e-09 1.102862347095679347e-08 1.232917781860937955e-08 1.336547375645146834e-08 1.426425019299819890e-08 1.506739678740403372e-08 1.583269913445523095e-08 1.664891850262598863e-08 1.769343817507820858e-08 5.928268960308813573e-09 9.498125500380816139e-09 1.136890373355121310e-08 1.276086056930823710e-08 1.388544720479328521e-08 1.487547406805829304e-08 1.577515525587590858e-08 1.664891850262598863e-08 1.759840594391497091e-08 1.882829992741141841e-08 6.072073708564808432e-09 9.805774255152124485e-09 1.180244988000992803e-08 1.331087664346621492e-08 1.454798303920293325e-08 1.565441147613285443e-08 1.667783204145580901e-08 1.769343817507820858e-08 1.882829992741141841e-08 2.035097451257402695e-08
3.359627890393512790e-09 4.506942206508953575e-09 4.906003367796060115e-09 5.147559066483439890e-09 5.318248009391321979e-09 5.454999183872596532e-09 5.570908714005611766e-09 5.677849494336213735e-09 5.790146129573863674e-09 5.933203895448273809e-09 4.506942206508953575e-09 6.630111112791826542e-09 7.466620735472138228e-09 7.985947359242052688e-09 8.354580188742266637e-09 8.650085293198067776e-09 8.900569713861785081e-09 9.131673071081774387e-09 9.374351107154239970e-09 9.683532727281340553e-09 4.906003367796060115e-09 7.466620735472138228e-09 8.583757532876465261e-09 9.306741283094122821e-09 9.826665853518519714e-09 1.024484628264862344e-08 1.059951645950151053e-08 1.092676469725660614e-08 1.127040470225169908e-08 1.170823329595750344e-08 5.147559066483439890e-09 7.985947359242052688e-09 9.306741283094122821e-09 1.019621758625407536e-08 1.085008263493495846e-08 1.138080223654306693e-08 1.183196116772116311e-08 1.224842847381796262e-08 1.268577672316878156e-08 1.324301347552349989e-08 5.318248009391321979e-09 8.354580188742266637e-09 9.826665853518519714e-09 1.085008263493495846e-08 1.162178869705708188e-08 1.225725623892704761e-08 1.280082407620951146e-08 1.330353927873744140e-08 1.383160840936368813e-08 1.450446223153635066e-08 5.454999183872596532e-09 8.650085293198067776e-09 1.024484628264862344e-08 1.138080223654306693e-08 1.225725623892704761e-08 1.299219949399709127e-08 1.362840910397039519e-08 1.421977330235705593e-08 1.484176491657290370e-08 1.563442998655579809e-08 5.570908714005611766e-09 8.900569713861785081e-09 1.059951645950151053e-08 1.183196116772116311e-08 1.280082407620951146e-08 1.362840910397039519e-08 1.435610849726007290e-08 1.503920558934354721e-08 1.576069747164454556e-08 1.668090881864076292e-08 5.677849494336213735e-09 9.131673071081774387e-09 1.092676469725660614e-08 1.224842847381796262e-08 1.330353927873744140e-08 1.421977330235705593e-08 1.503920558934354721e-08 1.582043168187931069e-08 1.665384764008775907e-08 1.772045508468839089e-08 5.790146129573863674e-09 9.374351107154239970e-09 1.127040470225169908e-08 1.268577672316878156e-08 1.383160840936368813e-08 1.484176491657290370e-08 1.576069747164454556e-08 1.665384764008775907e-08 1.762491013109916551e-08 1.888307765720434958e-08 5.933203895448273809e-09 9.683532727281340553e-09 1.170823329595750344e-08 1.324301347552349989e-08 1.450446223153635066e-08 1.563442998655579809e-08 1.668090881864076292e-08 1.772045508468839089e-08 1.888307765720434958e-08 2.044414154245643930e-08
3.201335683419327477e-09 4.374693862820265833e-09 4.771020540730990528e-09 5.010969443685750239e-09 5.180525972665220741e-09 5.316370057029207066e-09 5.431510753860205237e-09 5.537742173694881686e-09 5.649293939254992558e-09 5.791403700779563153e-09 4.374693862820265833e-09 6.489545541098741295e-09 7.328377001450667745e-09 7.849535431755028565e-09 8.219516448796338751e-09 8.516107211263329014e-09 8.767512369597384790e-09 8.999465230961073644e-09 9.243035344564957806e-09 9.553354964635102497e-09 4.771020540730990528e-09 7.328377001450667745e-09 8.532804578439901253e-09 9.262528534142065280e-09 9.787719576828111398e-09 1.021014504091351777e-08 1.056841709771661558e-08 1.089899005728067649e-08 1.124612251740182497e-08 1.168840108755994373e-08 5.010969443685750239e-09 7.849535431755028565e-09 9.262528534142065280e-09 1.008101180625762120e-08 1.074251109286075995e-08 1.127957241517812080e-08 1.173615143985771465e-08 1.215762707438827370e-08 1.260023531667565433e-08 1.316417607051842221e-08 5.180525972665220741e-09 8.219516448796338751e-09 9.787719576828111398e-09 1.074251109286075995e-08 1.152484474542228152e-08 1.216939844639850204e-08 1.272083834870260441e-08 1.323085918347745697e-08 1.376660622366041152e-08 1.444924574294606575e-08 5.316370057029207066e-09 8.516107211263329014e-09 1.021014504091351777e-08 1.127957241517812080e-08 1.216939844639850204e-08 1.291615709970749911e-08 1.356284462639809499e-08 1.416403246558953045e-08 1.479637671339945896e-08 1.560224067270233368e-08 5.431510753860205237e-09 8.767512369597384790e-09 1.056841709771661558e-08 1.173615143985771465e-08 1.272083834870260441e-08 1.356284462639809499e-08 1.430369056785415919e-08 1.499933947876854829e-08 1.573416642404366605e-08 1.667140562182614095e-08 5.537742173694881686e-09 8.999465230961073644e-09 1.089899005728067649e-08 1.215762707438827370e-08 1.323085918347745697e-08 1.416403246558953045e-08 1.499933947876854829e-08 1.579612998629279971e-08 1.664637685467782629e-08 1.773461071992946728e-08 5.649293939254992558e-09 9.243035344564957806e-09 1.124612251740182497e-08 1.260023531667565433e-08 1.376660622366041152e-08 1.479637671339945896e-08 1.573416642404366605e-08 1.664637685467782629e-08 1.763870223338179115e-08 1.892476690820229569e-08 5.791403700779563153e-09 9.553354964635102497e-09 1.168840108755994373e-08 1.316417607051842221e-08 1.444924574294606575e-08 1.560224067270233368e-08 1.667140562182614095e-08 1.773461071992946728e-08 1.892476690820229569e-08 2.052401649298260598e-08
3.087164468964796466e-09 4.245251953358025928e-09 4.638329905660200908e-09 4.876361930251194917e-09 5.044567032739412382e-09 5.179328563730237082e-09 5.293551705294510452e-09 5.398936552963113680e-09 5.509599363351303766e-09 5.650577489609859363e-09 4.245251953358025928e-09 6.348869888219427085e-09 7.188922728994298496e-09 7.711246176596156498e-09 8.082104380302066205e-09 8.379403491135212613e-09 8.631409587006964113e-09 8.958108056898825682e-09 9.202798283328292194e-09 9.514545007718318120e-09 4.638329905660200908e-09 7.188922728994298496e-09 8.412455283528301873e-09 9.147327008075980177e-09 9.676445106925094574e-09 1.010206921654700100e-08 1.046305991537510220e-08 1.079614193263312560e-08 1.114590917927493204e-08 1.159154633828571531e-08 4.876361930251194917e-09 7.711246176596156498e-09 9.147327008075980177e-09 9.961471624914875704e-09 1.062995310481927981e-08 1.117283605168837824e-08 1.163439494834599726e-08 1.206047288705483550e-08 1.250791477559220916e-08 1.307801626237132062e-08 5.044567032739412382e-09 8.082104380302066205e-09 9.676445106925094574e-09 1.062995310481927981e-08 1.142222193730641727e-08 1.207531363999745128e-08 1.263416361593438550e-08 1.315106461163136430e-08 1.369404290840447648e-08 1.438589899776696453e-08 5.179328563730237082e-09 8.379403491135212613e-09 1.010206921654700100e-08 1.117283605168837824e-08 1.207531363999745128e-08 1.283332460205292571e-08 1.358865104054408869e-08 1.419976011215368473e-08 1.484258056420175187e-08 1.566179573816342110e-08 5.293551705294510452e-09 8.631409587006964113e-09 1.046305991537510220e-08 1.163439494834599726e-08 1.263416361593438550e-08 1.358865104054408869e-08 1.424354536592599274e-08 1.495132326414945442e-08 1.569904478406288141e-08 1.665275137628887481e-08 5.398936552963113680e-09 8.958108056898825682e-09 1.079614193263312560e-08 1.206047288705483550e-08 1.315106461163136430e-08 1.419976011215368473e-08 1.495132326414945442e-08 1.576327317276406388e-08 1.662993710991628303e-08 1.773927453437960889e-08 5.509599363351303766e-09 9.202798283328292194e-09 1.114590917927493204e-08 1.250791477559220916e-08 1.369404290840447648e-08 1.484258056420175187e-08 1.569904478406288141e-08 1.662993710991628303e-08 1.764315832023213342e-08 1.895667328631479542e-08 5.650577489609859363e-09 9.514545007718318120e-09 1.159154633828571531e-08 1.307801626237132062e-08 1.438589899776696453e-08 1.566179573816342110e-08 1.665275137628887481e-08 1.773927453437960889e-08 1.895667328631479542e-08 2.059382202603382744e-08
2.979701137393601111e-09 4.121278288308608063e-09 4.510632046899758493e-09 4.746460232274580170e-09 4.913111216779036719e-09 5.046627805821964430e-09 5.159795752024563217e-09 5.264207040850915743e-09 5.373847547149450464e-09 5.513524065081660940e-09 4.121278288308608063e-09 6.210862294888722890e-09 7.051028578567692187e-09 7.573843809909051690e-09 8.033866237883976754e-09 8.332099200414518358e-09 8.584895556156686508e-09 8.818132065296026874e-09 9.063051056277424421e-09 9.375090543157467164e-09 4.510632046899758493e-09 7.051028578567692187e-09 8.275541885919771658e-09 9.014536531760145038e-09 9.546857708119416652e-09 9.975100734126948171e-09 1.033831877749185838e-08 1.067345657897544514e-08 1.102538263618842454e-08 1.147377198881945708e-08 4.746460232274580170e-09 7.573843809909051690e-09 9.014536531760145038e-09 9.931093814736030553e-09 1.051501890914036522e-08 1.106317256166925936e-08 1.152924487881534916e-08 1.195949488083071996e-08 1.241131863691447678e-08 1.298700515583985037e-08 4.913111216779036719e-09 8.033866237883976754e-09 9.546857708119416652e-09 1.051501890914036522e-08 1.131648013216380910e-08 1.197751992313443412e-08 1.254328220249427464e-08 1.316078445331410025e-08 1.371101880887173758e-08 1.441212075048749713e-08 5.046627805821964430e-09 8.332099200414518358e-09 9.975100734126948171e-09 1.106317256166925936e-08 1.197751992313443412e-08 1.284007499152266786e-08 1.350680993022676320e-08 1.412679703367977982e-08 1.477897926009852402e-08 1.561013087337764448e-08 5.159795752024563217e-09 8.584895556156686508e-09 1.033831877749185838e-08 1.152924487881534916e-08 1.254328220249427464e-08 1.350680993022676320e-08 1.427292144204531384e-08 1.489747413849608068e-08 1.565759622805202455e-08 1.662714147118267954e-08 5.264207040850915743e-09 8.818132065296026874e-09 1.067345657897544514e-08 1.195949488083071996e-08 1.316078445331410025e-08 1.412679703367977982e-08 1.489747413849608068e-08 1.572411846202214170e-08 1.660672152281578532e-08 1.773655768099495126e-08 5.373847547149450464e-09 9.063051056277424421e-09 1.102538263618842454e-08 1.241131863691447678e-08 1.371101880887173758e-08 1.477897926009852402e-08 1.565759622805202455e-08 1.660672152281578532e-08 1.764039503031952580e-08 1.898081514846823637e-08 5.513524065081660940e-09 9.375090543157467164e-09 1.147377198881945708e-08 1.298700515583985037e-08 1.441212075048749713e-08 1.561013087337764448e-08 1.662714147118267954e-08 1.773655768099495126e-08 1.898081514846823637e-08 2.065545598574840111e-08
2.879813556031669194e-09 4.065299086215249058e-09 4.451779201742007483e-09 4.685927282092931611e-09 4.851391376158723038e-09 4.983957456965640620e-09 5.096319272461267941e-09 5.199986829717976589e-09 5.308846900502485513e-09 5.447529069053066278e-09 4.065299086215249058e-09 6.076523000435352339e-09 6.915664372377847209e-09 7.507400433237170086e-09 7.879149929796740143e-09 8.177183514361913421e-09 8.429811425768248863e-09 8.662892543507336165e-09 8.907648359769873887e-09 9.219481267267769254e-09 4.451779201742007483e-09 6.915664372377847209e-09 8.124333506236444771e-09 8.866392125270174849e-09 9.401167266627497118e-09 9.831429183780928741e-09 1.019636605132943062e-08 1.053309047230267426e-08 1.088668267676639241e-08 1.133719654289565160e-08 4.685927282092931611e-09 7.507400433237170086e-09 8.866392125270174849e-09 9.789417933537530093e-09 1.047061563319778031e-08 1.095128369141647519e-08 1.142136866722365998e-08 1.185532881920324429e-08 1.231104940363769157e-08 1.289170286210453688e-08 4.851391376158723038e-09 7.879149929796740143e-09 9.401167266627497118e-09 1.047061563319778031e-08 1.120829823468265831e-08 1.194973863596502938e-08 1.252231620692971992e-08 1.305192410930405868e-08 1.360826692589408427e-08 1.431715484082127039e-08 4.983957456965640620e-09 8.177183514361913421e-09 9.831429183780928741e-09 1.095128369141647519e-08 1.194973863596502938e-08 1.272897494445912784e-08 1.340451369332006368e-08 1.403278751646265683e-08 1.469371125751732528e-08 1.553600916109488725e-08 5.096319272461267941e-09 8.429811425768248863e-09 1.019636605132943062e-08 1.142136866722365998e-08 1.252231620692971992e-08 1.340451369332006368e-08 1.418207207560951988e-08 1.491305655425534125e-08 1.568542590236935921e-08 1.659481841730916035e-08 5.199986829717976589e-09 8.662892543507336165e-09 1.053309047230267426e-08 1.185532881920324429e-08 1.305192410930405868e-08 1.403278751646265683e-08 1.491305655425534125e-08 1.567898263459313532e-08 1.657697417936649762e-08 1.772661152456063757e-08 5.308846900502485513e-09 8.907648359769873887e-09 1.088668267676639241e-08 1.231104940363769157e-08 1.360826692589408427e-08 1.469371125751732528e-08 1.568542590236935921e-08 1.657697417936649762e-08 1.770668065849549821e-08 1.899724642416659819e-08 5.447529069053066278e-09 9.219481267267769254e-09 1.133719654289565160e-08 1.289170286210453688e-08 1.431715484082127039e-08 1.553600916109488725e-08 1.659481841730916035e-08 1.772661152456063757e-08 1.899724642416659819e-08 2.070884664345807199e-08
2.786705056453635697e-09 3.927915272112870375e-09 4.309235520445431175e-09 4.540314261961526849e-09 4.703612793430223985e-09 4.834444071234328258e-09 4.945335514755385925e-09 5.047646461999035377e-09 5.155081968748639344e-09 5.291950060616075817e-09 3.927915272112870375e-09 5.945005323884723223e-09 6.821929260878423880e-09 7.344157043201879716e-09 7.715061136886696222e-09 8.012423242253128614e-09 8.264482561217364408e-09 8.497039102872011594e-09 8.741244067767827509e-09 9.052376445212813621e-09 4.309235520445431175e-09 6.821929260878423880e-09 7.963433830441271465e-09 8.707480925649713653e-09 9.243948103593072327e-09 9.675618453227949973e-09 1.004175675796421330e-08 1.037959045318441568e-08 1.073434755069590157e-08 1.118634726223645209e-08 4.540314261961526849e-09 7.344157043201879716e-09 8.707480925649713653e-09 9.635738549552772822e-09 1.032144488179708639e-08 1.087856025409806347e-08 1.130947611745196256e-08 1.174664538754768463e-08 1.220573668241064685e-08 1.279068665009381425e-08 4.703612793430223985e-09 7.715061136886696222e-09 9.243948103593072327e-09 1.032144488179708639e-08 1.113909580193412408e-08 1.181421028269093133e-08 1.239239077627398004e-08 1.292721174074378216e-08 1.348903573558380185e-08 1.420491038309370548e-08 4.834444071234328258e-09 8.012423242253128614e-09 9.675618453227949973e-09 1.087856025409806347e-08 1.181421028269093133e-08 1.260245480038851549e-08 1.328611223567795585e-08 1.392204272585659482e-08 1.459104697511405110e-08 1.544364904757218253e-08 4.945335514755385925e-09 8.264482561217364408e-09 1.004175675796421330e-08 1.130947611745196256e-08 1.239239077627398004e-08 1.328611223567795585e-08 1.407440654767526569e-08 1.481575312779721671e-08 1.559916860402947509e-08 1.655400866007700289e-08 5.047646461999035377e-09 8.497039102872011594e-09 1.037959045318441568e-08 1.174664538754768463e-08 1.292721174074378216e-08 1.392204272585659482e-08 1.481575312779721671e-08 1.562617735518437423e-08 1.653892615447840763e-08 1.770756414664873533e-08 5.155081968748639344e-09 8.741244067767827509e-09 1.073434755069590157e-08 1.220573668241064685e-08 1.348903573558380185e-08 1.459104697511405110e-08 1.559916860402947509e-08 1.653892615447840763e-08 1.765648663945301361e-08 1.900398780791879395e-08 5.291950060616075817e-09 9.052376445212813621e-09 1.118634726223645209e-08 1.279068665009381425e-08 1.420491038309370548e-08 1.544364904757218253e-08 1.655400866007700289e-08 1.770756414664873533e-08 1.900398780791879395e-08 2.075187367867835157e-08
2.705978025023046480e-09 3.792135925360491971e-09 4.167742355596372581e-09 4.395416927016590190e-09 4.556313356586131346e-09 4.685220330126684055e-09 4.794480778717381530e-09 4.895286923838091871e-09 5.001142251165027079e-09 5.135997954343514452e-09 3.792135925360491971e-09 5.813700468897140064e-09 6.656995529816811143e-09 7.177136518095241793e-09 7.546617895345421911e-09 7.842845965899042526e-09 8.093944630228107893e-09 8.325614873128848447e-09 8.568889145449605735e-09 8.878836983032248195e-09 4.167742355596372581e-09 6.656995529816811143e-09 7.797828194981125878e-09 8.542778905307298141e-09 9.080168361533045903e-09 9.512630226028667467e-09 9.879447079505375007e-09 1.021790762770135846e-08 1.057332303331182572e-08 1.102616308531234081e-08 4.395416927016590190e-09 7.177136518095241793e-09 8.542778905307298141e-09 9.475000360946608543e-09 1.016431260434759309e-08 1.071397640169573508e-08 1.119040657498149574e-08 1.163023714590883673e-08 1.209212390354364982e-08 1.268063736901611522e-08 4.556313356586131346e-09 7.546617895345421911e-09 9.080168361533045903e-09 1.016431260434759309e-08 1.097765403243388051e-08 1.165842551047099239e-08 1.225202644594825971e-08 1.279143580061336615e-08 1.335808509518456499e-08 1.408011074995889649e-08 4.685220330126684055e-09 7.842845965899042526e-09 9.512630226028667467e-09 1.071397640169573508e-08 1.165842551047099239e-08 1.246531344636019117e-08 1.315636409181905709e-08 1.379928361327760815e-08 1.447566782200555867e-08 1.533768150012812447e-08 4.794480778717381530e-09 8.093944630228107893e-09 9.879447079505375007e-09 1.119040657498149574e-08 1.225202644594825971e-08 1.315636409181905709e-08 1.395463266954760079e-08 1.469487202696487776e-08 1.548855894959475243e-08 1.650098990661370778e-08 4.895286923838091871e-09 8.325614873128848447e-09 1.021790762770135846e-08 1.163023714590883673e-08 1.279143580061336615e-08 1.379928361327760815e-08 1.469487202696487776e-08 1.556207952518741922e-08 1.648885957149874210e-08 1.767557651956984053e-08 5.001142251165027079e-09 8.568889145449605735e-09 1.057332303331182572e-08 1.209212390354364982e-08 1.335808509518456499e-08 1.447566782200555867e-08 1.548855894959475243e-08 1.648885957149874210e-08 1.758034307145527533e-08 1.899707183424100682e-08 5.135997954343514452e-09 8.878836983032248195e-09 1.102616308531234081e-08 1.268063736901611522e-08 1.408011074995889649e-08 1.533768150012812447e-08 1.650098990661370778e-08 1.767557651956984053e-08 1.899707183424100682e-08 2.078040212315039538e-08
2.597723075304439428e-09 3.660551871301638173e-09 4.029949798202006373e-09 4.253920759457926834e-09 4.412203532120244993e-09 4.539016714698368852e-09 4.646502508965107145e-09 4.745671310970502119e-09 4.849807279153452305e-09 4.982473202431856249e-09 3.660551871301638173e-09 5.678782282336036974e-09 6.507371107349155612e-09 7.024804360079842330e-09 7.376671549142042481e-09 7.671308519107354738e-09 7.921059117237341402e-09 8.151485629576434015e-09 8.393453874536012678e-09 8.701738880100825619e-09 4.029949798202006373e-09 6.507371107349155612e-09 7.630335438673212113e-09 8.375087875008045180e-09 8.912616512910726302e-09 9.345242082050311121e-09 9.712205337059566307e-09 1.005080177247094100e-08 1.040635992925786755e-08 1.085938335895207493e-08 4.253920759457926834e-09 7.024804360079842330e-09 8.375087875008045180e-09 9.309965493761333583e-09 1.001827393717473128e-08 1.058105357351623059e-08 1.105970944839108437e-08 1.150160167409182784e-08 1.196565422101557236e-08 1.255692885404609692e-08 4.412203532120244993e-09 7.376671549142042481e-09 8.912616512910726302e-09 1.001827393717473128e-08 1.084762638794242705e-08 1.153336419807069559e-08 1.212077661065950240e-08 1.266425559802549393e-08 1.323517701214223639e-08 1.396265024786113018e-08 4.539016714698368852e-09 7.671308519107354738e-09 9.345242082050311121e-09 1.058105357351623059e-08 1.153336419807069559e-08 1.233699335349179101e-08 1.303478810215984555e-08 1.368411852454829367e-08 1.436725272418314139e-08 1.523788025442212698e-08 4.646502508965107145e-09 7.921059117237341402e-09 9.712205337059566307e-09 1.105970944839108437e-08 1.212077661065950240e-08 1.303478810215984555e-08 1.384247117285973803e-08 1.460246978318255113e-08 1.540586038522968194e-08 1.643069604407547760e-08 4.745671310970502119e-09 8.151485629576434015e-09 1.005080177247094100e-08 1.150160167409182784e-08 1.266425559802549393e-08 1.368411852454829367e-08 1.460246978318255113e-08 1.548173196968487597e-08 1.642171351134233305e-08 1.762545536730692069e-08 4.849807279153452305e-09 8.393453874536012678e-09 1.040635992925786755e-08 1.196565422101557236e-08 1.323517701214223639e-08 1.436725272418314139e-08 1.540586038522968194e-08 1.642171351134233305e-08 1.753092917566201758e-08 1.897116798494642348e-08 4.982473202431856249e-09 8.701738880100825619e-09 1.085938335895207493e-08 1.255692885404609692e-08 1.396265024786113018e-08 1.523788025442212698e-08 1.643069604407547760e-08 1.762545536730692069e-08 1.897116798494642348e-08 2.078892210885638961e-08
2.495317173815616279e-09 3.533822748691714756e-09 3.924753213530586504e-09 4.145149238171480681e-09 4.300912199328116000e-09 4.425706512051095220e-09 4.531481550668361757e-09 4.629071950666798793e-09 4.731550000545954365e-09 4.862104468088129850e-09 3.533822748691714756e-09 5.536842557214807097e-09 6.359136057902617640e-09 6.873137560633957420e-09 7.238430852351728307e-09 7.531304851713003504e-09 7.779563546205120199e-09 8.008613577388622590e-09 8.249135604489691680e-09 8.555579502324654406e-09 3.924753213530586504e-09 6.359136057902617640e-09 7.461746410217893578e-09 8.205171496856409032e-09 8.775184313728739801e-09 9.207640965931502892e-09 9.574472364882626394e-09 9.912946994008279651e-09 1.026837630896675584e-08 1.072123767041974354e-08 4.145149238171480681e-09 6.873137560633957420e-09 8.205171496856409032e-09 9.174915988140489006e-09 9.868683091741164522e-09 1.043320217734025048e-08 1.091337902888772272e-08 1.135668273006533535e-08 1.182221832720539465e-08 1.241538420830636809e-08 4.300912199328116000e-09 7.238430852351728307e-09 8.775184313728739801e-09 9.868683091741164522e-09 1.070233710130783747e-08 1.139210431658139673e-08 1.198311213782361420e-08 1.252995439712192338e-08 1.310441452646127207e-08 1.383639919623792680e-08 4.425706512051095220e-09 7.531304851713003504e-09 9.207640965931502892e-09 1.043320217734025048e-08 1.139210431658139673e-08 1.220215177617863377e-08 1.290588053361753481e-08 1.356085599666898856e-08 1.424995903082772314e-08 1.512820013603634917e-08 4.531481550668361757e-09 7.779563546205120199e-09 9.574472364882626394e-09 1.091337902888772272e-08 1.198311213782361420e-08 1.290588053361753481e-08 1.372197713535205796e-08 1.449020206996317866e-08 1.530240406289480696e-08 1.633850796806621295e-08 4.629071950666798793e-09 8.008613577388622590e-09 9.912946994008279651e-09 1.135668273006533535e-08 1.252995439712192338e-08 1.356085599666898856e-08 1.449020206996317866e-08 1.538062393177175729e-08 1.633287323932857422e-08 1.755245309882068309e-08 4.731550000545954365e-09 8.249135604489691680e-09 1.026837630896675584e-08 1.182221832720539465e-08 1.310441452646127207e-08 1.424995903082772314e-08 1.530240406289480696e-08 1.633287323932857422e-08 1.745885531556684717e-08 1.892138784148223656e-08 4.862104468088129850e-09 8.555579502324654406e-09 1.072123767041974354e-08 1.241538420830636809e-08 1.383639919623792680e-08 1.512820013603634917e-08 1.633850796806621295e-08 1.755245309882068309e-08 1.892138784148223656e-08 2.077235956021424817e-08
2.426747235151434755e-09 3.443441379223900062e-09 3.800010235954513802e-09 4.016302564949373680e-09 4.169169227804778945e-09 4.291643299573546308e-09 4.395451723051498609e-09 4.491227674754867189e-09 4.591800412038485467e-09 4.719928012721586634e-09 3.443441379223900062e-09 5.350873852695102229e-09 6.200787847250434878e-09 6.710430492861962479e-09 7.072692659926730994e-09 7.363143557430267069e-09 7.609348981758406895e-09 7.836504648083895060e-09 8.075037448496902685e-09 8.378947836974430774e-09 3.800010235954513802e-09 6.200787847250434878e-09 7.329507646023198851e-09 8.071492971997626710e-09 8.607316811371810045e-09 9.038716380708435519e-09 9.404659319474638505e-09 9.742315026243436493e-09 1.009688448235498577e-08 1.054865154843696080e-08 4.016302564949373680e-09 6.710430492861962479e-09 8.071492971997626710e-09 9.008475711420733589e-09 9.703026802795168563e-09 1.026839817181503583e-08 1.074934369932159564e-08 1.119336477548180435e-08 1.165965456058009970e-08 1.225378301108229326e-08 4.169169227804778945e-09 7.072692659926730994e-09 8.607316811371810045e-09 9.703026802795168563e-09 1.053973204110824371e-08 1.123252044468436093e-08 1.182626835695459197e-08 1.237568476166071120e-08 1.295285498493531920e-08 1.368829529916847310e-08 4.291643299573546308e-09 7.363143557430267069e-09 9.038716380708435519e-09 1.026839817181503583e-08 1.123252044468436093e-08 1.204787756665795303e-08 1.275659959947625183e-08 1.341635247499126690e-08 1.411051351090193626e-08 1.499520769390897745e-08 4.395451723051498609e-09 7.609348981758406895e-09 9.404659319474638505e-09 1.074934369932159564e-08 1.182626835695459197e-08 1.275659959947625183e-08 1.358009695440956102e-08 1.435561552569375134e-08 1.517565081887928333e-08 1.622177711017287366e-08 4.491227674754867189e-09 7.836504648083895060e-09 9.742315026243436493e-09 1.119336477548180435e-08 1.237568476166071120e-08 1.341635247499126690e-08 1.435561552569375134e-08 1.525620795959407787e-08 1.621969127487591903e-08 1.745379436372789452e-08 4.591800412038485467e-09 8.075037448496902685e-09 1.009688448235498577e-08 1.165965456058009970e-08 1.295285498493531920e-08 1.411051351090193626e-08 1.517565081887928333e-08 1.621969127487591903e-08 1.736135721490777040e-08 1.884481669563536873e-08 4.719928012721586634e-09 8.378947836974430774e-09 1.054865154843696080e-08 1.225378301108229326e-08 1.368829529916847310e-08 1.499520769390897745e-08 1.622177711017287366e-08 1.745379436372789452e-08 1.884481669563536873e-08 2.072761669025812911e-08
2.307848467417465257e-09 3.295127044020340577e-09 3.643267509588716541e-09 3.854530434446021324e-09 4.003843642066772574e-09 4.123471251928857405e-09 4.224866677668722766e-09 4.318416353411948530e-09 4.416651739273081061e-09 4.541801903664865846e-09 3.295127044020340577e-09 5.197612068792531086e-09 6.001416047523055348e-09 6.505115337030794550e-09 6.863174383738025528e-09 7.150273591229326076e-09 7.427533144400349211e-09 7.652376638963089316e-09 7.888481480339207759e-09 8.189299356981121515e-09 3.643267509588716541e-09 6.001416047523055348e-09 7.154256837269389996e-09 7.892594826611637579e-09 8.426090043966209005e-09 8.855674946205111876e-09 9.220087185128470999e-09 9.556331418822702724e-09 9.909418787433443101e-09 1.035929874296805366e-08 3.854530434446021324e-09 6.505115337030794550e-09 7.892594826611637579e-09 8.828016616733973015e-09 9.487225285085028491e-09 1.005205218287522029e-08 1.053265074836208587e-08 1.097635451386385709e-08 1.144231308656014613e-08 1.203602031962675517e-08 4.003843642066772574e-09 6.863174383738025528e-09 8.426090043966209005e-09 9.487225285085028491e-09 1.032505209978467153e-08 1.101923555531054329e-08 1.165095885190840380e-08 1.220211381107658588e-08 1.278111669189386284e-08 1.351889464501537207e-08 4.123471251928857405e-09 7.150273591229326076e-09 8.855674946205111876e-09 1.005205218287522029e-08 1.101923555531054329e-08 1.187486100939373186e-08 1.258757141324348154e-08 1.325117427439524450e-08 1.394941955788738578e-08 1.483932611521048938e-08 4.224866677668722766e-09 7.427533144400349211e-09 9.220087185128470999e-09 1.053265074836208587e-08 1.165095885190840380e-08 1.258757141324348154e-08 1.341737893155855203e-08 1.419918512181819699e-08 1.502599811394418997e-08 1.608080205359037162e-08 4.318416353411948530e-09 7.652376638963089316e-09 9.556331418822702724e-09 1.097635451386385709e-08 1.220211381107658588e-08 1.325117427439524450e-08 1.419918512181819699e-08 1.510887153251336653e-08 1.608246172319634595e-08 1.732965381027600105e-08 4.416651739273081061e-09 7.888481480339207759e-09 9.909418787433443101e-09 1.144231308656014613e-08 1.278111669189386284e-08 1.394941955788738578e-08 1.502599811394418997e-08 1.608246172319634595e-08 1.723861687851411099e-08 1.874149173639777843e-08 4.541801903664865846e-09 8.189299356981121515e-09 1.035929874296805366e-08 1.203602031962675517e-08 1.351889464501537207e-08 1.483932611521048938e-08 1.608080205359037162e-08 1.732965381027600105e-08 1.874149173639777843e-08 2.065454851140082723e-08
