3.786470126549678720e-09 5.009895758437390859e-09 5.412295620059119781e-09 5.655672685829951296e-09 5.827634061102048551e-09 5.965404300951628925e-09 6.082176845982198900e-09 6.189913955353049081e-09 6.303047426724475608e-09 6.447166723483982633e-09 5.009895758437390859e-09 7.122017312462715611e-09 7.929160197063967919e-09 8.428771499984345300e-09 8.862533617786341841e-09 9.146972654369913615e-09 9.388074957908416742e-09 9.610522127706541038e-09 9.844110305467072341e-09 1.014170385159037697e-08 5.412295620059119781e-09 7.929160197063967919e-09 9.067948548126692187e-09 9.749703921512993615e-09 1.023913066770959382e-08 1.063262243514464972e-08 1.096633120646752181e-08 1.127423654679754118e-08 1.159756446279577434e-08 1.200950488930950686e-08 5.655672685829951296e-09 8.428771499984345300e-09 9.749703921512993615e-09 1.057826479728709793e-08 1.118522366815028310e-08 1.167728528734522609e-08 1.209546496726235801e-08 1.248146901400371779e-08 1.288682439590886077e-08 1.340328821213573736e-08 5.827634061102048551e-09 8.862533617786341841e-09 1.023913066770959382e-08 1.118522366815028310e-08 1.189482524134581278e-08 1.247781065663717580e-08 1.297608868997828006e-08 1.343681817590440885e-08 1.392076898483436662e-08 1.453739595668135724e-08 5.965404300951628925e-09 9.146972654369913615e-09 1.063262243514464972e-08 1.167728528734522609e-08 1.247781065663717580e-08 1.314668351250293279e-08 1.372471056819385745e-08 1.426166168218651028e-08 1.482634296497432078e-08 1.554594849206590608e-08 6.082176845982198900e-09 9.388074957908416742e-09 1.096633120646752181e-08 1.209546496726235801e-08 1.297608868997828006e-08 1.372471056819385745e-08 1.438114269550597474e-08 1.499651467029125016e-08 1.564617221462568009e-08 1.647468476466100696e-08 6.189913955353049081e-09 9.610522127706541038e-09 1.127423654679754118e-08 1.248146901400371779e-08 1.343681817590440885e-08 1.426166168218651028e-08 1.499651467029125016e-08 1.569543087209446577e-08 1.644016017754936700e-08 1.739293190927336180e-08 6.303047426724475608e-09 9.844110305467072341e-09 1.159756446279577434e-08 1.288682439590886077e-08 1.392076898483436662e-08 1.482634296497432078e-08 1.564617221462568009e-08 1.644016017754936700e-08 1.730132959420511977e-08 1.841577807170033277e-08 6.447166723483982633e-09 1.014170385159037697e-08 1.200950488930950686e-08 1.340328821213573736e-08 1.453739595668135724e-08 1.554594849206590608e-08 1.647468476466100696e-08 1.739293190927336180e-08 1.841577807170033277e-08 1.978453098536942576e-08
3.708060776294038406e-09 4.929210838767855954e-09 5.332435829189899506e-09 5.576348945782093723e-09 5.748691220831075376e-09 5.886766727602639964e-09 6.003798049570524194e-09 6.111773894946008639e-09 6.225158061511618058e-09 6.369597530389774500e-09 4.929210838767855954e-09 7.050970197700398362e-09 7.929829388133866556e-09 8.435146592706154133e-09 8.793669772956573777e-09 9.081053890717439745e-09 9.324652924647107953e-09 9.549403641262044980e-09 9.785410761140975400e-09 1.008608747773303895e-08 5.332435829189899506e-09 7.929829388133866556e-09 9.004071302888553070e-09 9.695522934993093021e-09 1.019206675958830392e-08 1.059130966461211635e-08 1.092989987739949548e-08 1.124230960150646475e-08 1.157036757834173324e-08 1.198833613412253945e-08 5.576348945782093723e-09 8.435146592706154133e-09 9.695522934993093021e-09 1.053778368650174946e-08 1.115517209965981360e-08 1.165579722787336463e-08 1.208127610797899522e-08 1.247402139848017302e-08 1.288645639091114320e-08 1.341194234341320238e-08 5.748691220831075376e-09 8.793669772956573777e-09 1.019206675958830392e-08 1.115517209965981360e-08 1.187823957104715406e-08 1.247253752492485939e-08 1.298055812240290012e-08 1.345031446327850851e-08 1.394374988218444404e-08 1.457246413334271455e-08 5.886766727602639964e-09 9.081053890717439745e-09 1.059130966461211635e-08 1.165579722787336463e-08 1.247253752492485939e-08 1.315540652033423512e-08 1.374571291578817527e-08 1.429413252233861764e-08 1.487088927415990906e-08 1.560588778139599488e-08 6.003798049570524194e-09 9.324652924647107953e-09 1.092989987739949548e-08 1.208127610797899522e-08 1.298055812240290012e-08 1.374571291578817527e-08 1.441698508979676970e-08 1.504642326613256101e-08 1.571098719998732106e-08 1.655852493378108544e-08 6.111773894946008639e-09 9.549403641262044980e-09 1.124230960150646475e-08 1.247402139848017302e-08 1.345031446327850851e-08 1.429413252233861764e-08 1.504642326613256101e-08 1.576223844147132438e-08 1.652513901010422828e-08 1.750122098885743046e-08 6.225158061511618058e-09 9.785410761140975400e-09 1.157036757834173324e-08 1.288645639091114320e-08 1.394374988218444404e-08 1.487088927415990906e-08 1.571098719998732106e-08 1.652513901010422828e-08 1.740856971957268882e-08 1.855207783845075751e-08 6.369597530389774500e-09 1.008608747773303895e-08 1.198833613412253945e-08 1.341194234341320238e-08 1.457246413334271455e-08 1.560588778139599488e-08 1.655852493378108544e-08 1.750122098885743046e-08 1.855207783845075751e-08 1.995918798479262255e-08
3.624766899685444647e-09 4.882538624906583548e-09 5.286202444360824553e-09 5.530409846340715600e-09 5.702964366799475823e-09 5.841209722943406744e-09 5.958385679505346330e-09 6.066494952242468580e-09 6.180018544939035091e-09 6.324636476063105657e-09 4.882538624906583548e-09 7.011492188462814477e-09 7.834358486893923066e-09 8.344160688501924867e-09 8.705904582508233329e-09 8.995874266752808283e-09 9.241665319119217911e-09 9.468438447720166932e-09 9.706569296302101167e-09 1.000995314613668679e-08 5.286202444360824553e-09 7.834358486893923066e-09 8.921198812954730133e-09 9.621650368488851817e-09 1.012482347529048522e-08 1.052942767599435525e-08 1.087256904892650643e-08 1.118917844697773180e-08 1.152164651679326233e-08 1.194523563009817700e-08 5.530409846340715600e-09 8.344160688501924867e-09 9.621650368488851817e-09 1.047689488773206418e-08 1.110421980766502311e-08 1.161301768019455669e-08 1.204546547812763150e-08 1.244464745796057037e-08 1.286384227369047467e-08 1.339794302810873240e-08 5.702964366799475823e-09 8.705904582508233329e-09 1.012482347529048522e-08 1.110421980766502311e-08 1.184026992457976337e-08 1.244550440753096357e-08 1.296295256106836706e-08 1.344144610730832532e-08 1.394406213578609541e-08 1.458447646780474069e-08 5.841209722943406744e-09 8.995874266752808283e-09 1.052942767599435525e-08 1.161301768019455669e-08 1.244550440753096357e-08 1.314201650277544386e-08 1.374431333957867272e-08 1.430393858588645796e-08 1.489249571418815537e-08 1.564253696885099317e-08 5.958385679505346330e-09 9.241665319119217911e-09 1.087256904892650643e-08 1.204546547812763150e-08 1.296295256106836706e-08 1.374431333957867272e-08 1.443016947461928336e-08 1.507344780674913124e-08 1.575268470492087356e-08 1.661895124475389148e-08 6.066494952242468580e-09 9.468438447720166932e-09 1.118917844697773180e-08 1.244464745796057037e-08 1.344144610730832532e-08 1.430393858588645796e-08 1.507344780674913124e-08 1.580598232673395664e-08 1.658687817745322946e-08 1.758605113792821717e-08 6.180018544939035091e-09 9.706569296302101167e-09 1.152164651679326233e-08 1.286384227369047467e-08 1.394406213578609541e-08 1.489249571418815537e-08 1.575268470492087356e-08 1.658687817745322946e-08 1.749247489515100396e-08 1.866494355123717409e-08 6.324636476063105657e-09 1.000995314613668679e-08 1.194523563009817700e-08 1.339794302810873240e-08 1.458447646780474069e-08 1.564253696885099317e-08 1.661895124475389148e-08 1.758605113792821717e-08 1.866494355123717409e-08 2.011053053389526890e-08
3.538292963940325867e-09 4.764160863257108367e-09 5.166918425441583023e-09 5.410619926837515197e-09 5.582819547704146791e-09 5.720780716001588903e-09 5.837715807534060575e-09 5.945602833062605835e-09 6.058893066391823463e-09 6.203214680113405106e-09 4.764160863257108367e-09 6.894433456838325706e-09 7.722933883519717864e-09 8.236564532979555083e-09 8.601065990136344262e-09 8.893250272485348354e-09 9.140918922466946292e-09 9.369424371090509757e-09 9.609374328787344881e-09 9.915077271716166597e-09 5.166918425441583023e-09 7.722933883519717864e-09 8.821135658230802225e-09 9.529852668818812380e-09 1.003913981770208001e-08 1.044869341150839148e-08 1.079603695591046411e-08 1.111652405811592315e-08 1.145306412815251045e-08 1.188184311445975212e-08 5.410619926837515197e-09 8.236564532979555083e-09 9.529852668818812380e-09 1.039731324541916822e-08 1.103404389517705611e-08 1.155059322015909433e-08 1.198965373190712459e-08 1.239494392523454563e-08 1.282055365655977250e-08 1.336282985154324752e-08 5.582819547704146791e-09 8.601065990136344262e-09 1.003913981770208001e-08 1.103404389517705611e-08 1.178254735229577940e-08 1.239830477706146018e-08 1.292483347159194908e-08 1.341174501273979014e-08 1.392320660498152783e-08 1.457489424225467947e-08 5.720780716001588903e-09 8.893250272485348354e-09 1.044869341150839148e-08 1.155059322015909433e-08 1.239830477706146018e-08 1.310806317711606583e-08 1.372202408657376161e-08 1.429255744710130077e-08 1.489260343258521096e-08 1.565729076598407590e-08 5.837715807534060575e-09 9.140918922466946292e-09 1.079603695591046411e-08 1.198965373190712459e-08 1.292483347159194908e-08 1.372202408657376161e-08 1.442216567211249230e-08 1.507901873213896440e-08 1.577265375437502410e-08 1.665729992321968061e-08 5.945602833062605835e-09 9.369424371090509757e-09 1.111652405811592315e-08 1.239494392523454563e-08 1.341174501273979014e-08 1.429255744710130077e-08 1.507901873213896440e-08 1.582804902396546077e-08 1.662671787370165689e-08 1.764870350234599128e-08 6.058893066391823463e-09 9.609374328787344881e-09 1.145306412815251045e-08 1.282055365655977250e-08 1.392320660498152783e-08 1.489260343258521096e-08 1.577265375437502410e-08 1.662671787370165689e-08 1.755433372343119289e-08 1.875559798677728984e-08 6.203214680113405106e-09 9.915077271716166597e-09 1.188184311445975212e-08 1.336282985154324752e-08 1.457489424225467947e-08 1.565729076598407590e-08 1.665729992321968061e-08 1.764870350234599128e-08 1.875559798677728984e-08 2.023970705838499554e-08
3.450031912265063249e-09 4.637659423934910779e-09 5.038857823054488817e-09 5.281660459662808633e-09 5.453227655000349684e-09 5.590682297864060717e-09 5.707188072539819505e-09 5.814678980736469536e-09 5.927553277097650291e-09 6.071345989545903333e-09 4.637659423934910779e-09 6.765907775362299288e-09 7.598938310525988375e-09 8.115733564601536049e-09 8.482524168088749514e-09 8.776547850923588917e-09 9.025776092125707747e-09 9.255720461497169969e-09 9.497181435037493572e-09 9.804810974347309496e-09 5.038857823054488817e-09 7.598938310525988375e-09 8.707227620326484130e-09 9.423449844586309393e-09 9.938317050567461156e-09 1.035239303407831115e-08 1.070357695170149173e-08 1.102760796995404762e-08 1.136786953641732564e-08 1.180139186600761668e-08 5.281660459662808633e-09 8.115733564601536049e-09 9.423449844586309393e-09 1.030231914943607643e-08 1.094789536533101714e-08 1.147175097680929847e-08 1.191704770790379224e-08 1.232809891201547143e-08 1.275975898502155480e-08 1.330974616887981917e-08 5.453227655000349684e-09 8.482524168088749514e-09 9.938317050567461156e-09 1.094789536533101714e-08 1.170828479125057596e-08 1.233412028947211179e-08 1.286935581067421347e-08 1.336434146576372676e-08 1.388428766454526333e-08 1.454678878267099300e-08 5.590682297864060717e-09 8.776547850923588917e-09 1.035239303407831115e-08 1.147175097680929847e-08 1.233412028947211179e-08 1.305669036301651456e-08 1.368195644515692025e-08 1.426307025358174181e-08 1.487426190320351383e-08 1.565315825279219077e-08 5.707188072539819505e-09 9.025776092125707747e-09 1.070357695170149173e-08 1.191704770790379224e-08 1.286935581067421347e-08 1.368195644515692025e-08 1.439604709715584249e-08 1.506617420808392031e-08 1.577389541596806254e-08 1.667652471998454140e-08 5.814678980736469536e-09 9.255720461497169969e-09 1.102760796995404762e-08 1.232809891201547143e-08 1.336434146576372676e-08 1.426307025358174181e-08 1.506617420808392031e-08 1.583143644542416484e-08 1.664761351486690603e-08 1.769207926299689355e-08 5.927553277097650291e-09 9.497181435037493572e-09 1.136786953641732564e-08 1.275975898502155480e-08 1.388428766454526333e-08 1.487426190320351383e-08 1.577389541596806254e-08 1.664761351486690603e-08 1.759705319825000918e-08 1.882688624264679589e-08 6.071345989545903333e-09 9.804810974347309496e-09 1.180139186600761668e-08 1.330974616887981917e-08 1.454678878267099300e-08 1.565315825279219077e-08 1.667652471998454140e-08 1.769207926299689355e-08 1.882688624264679589e-08 2.034949086088497646e-08
3.359218327487367041e-09 4.506453017711058168e-09 4.905479918346929545e-09 5.147014973895650114e-09 5.317689336344640508e-09 5.454428829582618841e-09 5.570328458771375299e-09 5.677260104275689481e-09 5.789547147187452380e-09 5.932592694057986240e-09 4.506453017711058168e-09 6.629451732303560433e-09 7.465905199616775534e-09 7.985197800623760577e-09 8.353806570909385766e-09 8.649292390948381719e-09 8.899760465026757420e-09 9.130848740459242334e-09 9.373510939389003741e-09 9.682672384360919223e-09 4.905479918346929545e-09 7.465905199616775534e-09 8.582975696666136577e-09 9.305918864203551904e-09 9.825814471958086090e-09 1.024397158498427123e-08 1.059862198152554447e-08 1.092585196772472821e-08 1.126947280693005303e-08 1.170727698432969774e-08 5.147014973895650114e-09 7.985197800623760577e-09 9.305918864203551904e-09 1.019534960795099098e-08 1.084918124043569681e-08 1.137987355634799434e-08 1.183100925237371620e-08 1.224745510324142624e-08 1.268478082131665651e-08 1.324198886900538213e-08 5.317689336344640508e-09 8.353806570909385766e-09 9.825814471958086090e-09 1.084918124043569681e-08 1.162084917474237769e-08 1.225628483172597356e-08 1.279982523466002671e-08 1.330251503172094810e-08 1.383055747555447476e-08 1.450337729758188511e-08 5.454428829582618841e-09 8.649292390948381719e-09 1.024397158498427123e-08 1.137987355634799434e-08 1.225628483172597356e-08 1.299119125004070481e-08 1.362736855836300218e-08 1.421870265959056543e-08 1.484066263492394795e-08 1.563328739255026654e-08 5.570328458771375299e-09 8.899760465026757420e-09 1.059862198152554447e-08 1.183100925237371620e-08 1.279982523466002671e-08 1.362736855836300218e-08 1.435503058683183223e-08 1.503809258454312950e-08 1.575954751732597607e-08 1.667971177622999755e-08 5.677260104275689481e-09 9.130848740459242334e-09 1.092585196772472821e-08 1.224745510324142624e-08 1.330251503172094810e-08 1.421870265959056543e-08 1.503809258454312950e-08 1.581927855001063045e-08 1.665265214621129880e-08 1.771920557524158834e-08 5.789547147187452380e-09 9.373510939389003741e-09 1.126947280693005303e-08 1.268478082131665651e-08 1.383055747555447476e-08 1.484066263492394795e-08 1.575954751732597607e-08 1.665265214621129880e-08 1.762366637591424001e-08 1.888177227980359967e-08 5.932592694057986240e-09 9.682672384360919223e-09 1.170727698432969774e-08 1.324198886900538213e-08 1.450337729758188511e-08 1.563328739255026654e-08 1.667971177622999755e-08 1.771920557524158834e-08 1.888177227980359967e-08 2.044276466668531332e-08
3.200945742711546274e-09 4.374179563781467740e-09 4.770468675210055858e-09 5.010394951365510613e-09 5.179935500142534815e-09 5.315766781911378509e-09 5.430896627352888464e-09 5.537118035471667523e-09 5.648659287888658455e-09 5.790755657251454259e-09 4.374179563781467740e-09 6.488844675661485523e-09 7.327614885261730944e-09 7.848736382126815702e-09 8.218691313337916676e-09 8.515261170183987984e-09 8.766648608006389184e-09 8.998585119987939520e-09 9.242138065358374407e-09 9.634968004488988060e-09 4.770468675210055858e-09 7.327614885261730944e-09 8.532277393557621907e-09 9.261963925226701405e-09 9.787128265844770936e-09 1.020953224725687956e-08 1.056778607903612683e-08 1.089834222197381568e-08 1.124545702310088393e-08 1.168771309491439735e-08 5.010394951365510613e-09 7.848736382126815702e-09 9.261963925226701405e-09 1.008008822364417026e-08 1.074155340561138425e-08 1.127858697038581769e-08 1.173514237040787623e-08 1.215659619102623642e-08 1.259918152536211608e-08 1.316309309499877341e-08 5.179935500142534815e-09 8.218691313337916676e-09 9.787128265844770936e-09 1.074155340561138425e-08 1.152384915390233229e-08 1.216837132500423665e-08 1.271978412104766172e-08 1.322977985482897138e-08 1.376550052725745927e-08 1.444810645329407780e-08 5.315766781911378509e-09 8.515261170183987984e-09 1.020953224725687956e-08 1.127858697038581769e-08 1.216837132500423665e-08 1.291509426710859111e-08 1.356175049524272464e-08 1.416290915955638535e-08 1.479522273012476911e-08 1.560104760171193348e-08 5.430896627352888464e-09 8.766648608006389184e-09 1.056778607903612683e-08 1.173514237040787623e-08 1.271978412104766172e-08 1.356175049524272464e-08 1.430256065522255088e-08 1.499817589314624401e-08 1.573296734694387668e-08 1.667016130796442566e-08 5.537118035471667523e-09 8.998585119987939520e-09 1.089834222197381568e-08 1.215659619102623642e-08 1.322977985482897138e-08 1.416290915955638535e-08 1.499817589314624401e-08 1.579492806078118214e-08 1.664513433569665437e-08 1.773331640925639820e-08 5.648659287888658455e-09 9.242138065358374407e-09 1.124545702310088393e-08 1.259918152536211608e-08 1.376550052725745927e-08 1.479522273012476911e-08 1.573296734694387668e-08 1.664513433569665437e-08 1.763741340690404690e-08 1.892341884546976219e-08 5.790755657251454259e-09 9.634968004488988060e-09 1.168771309491439735e-08 1.316309309499877341e-08 1.444810645329407780e-08 1.560104760171193348e-08 1.667016130796442566e-08 1.773331640925639820e-08 1.892341884546976219e-08 2.052259933921190553e-08
3.086622252356373830e-09 4.244574789545563093e-09 4.637612218320259260e-09 4.875619839641018372e-09 5.043807707494827382e-09 5.178555430978076207e-09 5.292766869400313525e-09 5.398140919457863032e-09 5.508792391489275885e-09 5.649756075472136216e-09 4.244574789545563093e-09 6.347992929921447351e-09 7.187980771430472948e-09 7.710265067942282193e-09 8.081095626784697585e-09 8.378372584237233313e-09 8.630359902129549122e-09 8.957589044568360268e-09 9.202264413548249165e-09 9.513992208652171090e-09 4.637612218320259260e-09 7.187980771430472948e-09 8.411975257499938125e-09 9.146808608889343750e-09 9.675899472935114716e-09 1.010150169868122930e-08 1.046247383435365966e-08 1.079553872306749778e-08 1.114528798315590681e-08 1.159090222599072750e-08 4.875619839641018372e-09 7.710265067942282193e-09 9.146808608889343750e-09 9.960360330536858151e-09 1.062880651965838561e-08 1.117166080648215797e-08 1.163319531563719607e-08 1.205925073505146859e-08 1.250666897457956299e-08 1.307674033440836942e-08 5.043807707494827382e-09 8.081095626784697585e-09 9.675899472935114716e-09 1.062880651965838561e-08 1.142103662088437346e-08 1.207409621838728403e-08 1.263291858818468635e-08 1.314979400845155493e-08 1.369274543465661988e-08 1.438456729103827774e-08 5.178555430978076207e-09 8.378372584237233313e-09 1.010150169868122930e-08 1.117166080648215797e-08 1.207409621838728403e-08 1.283207115481175334e-08 1.358793518941647867e-08 1.419901745326677122e-08 1.484180967809749356e-08 1.566098887956311845e-08 5.292766869400313525e-09 8.630359902129549122e-09 1.046247383435365966e-08 1.163319531563719607e-08 1.263291858818468635e-08 1.358793518941647867e-08 1.424222409760941300e-08 1.494996766510947163e-08 1.569765284476159623e-08 1.665131309483837335e-08 5.398140919457863032e-09 8.957589044568360268e-09 1.079553872306749778e-08 1.205925073505146859e-08 1.314979400845155493e-08 1.419901745326677122e-08 1.494996766510947163e-08 1.576187786412944334e-08 1.662849932704378711e-08 1.773778248511758304e-08 5.508792391489275885e-09 9.202264413548249165e-09 1.114528798315590681e-08 1.250666897457956299e-08 1.369274543465661988e-08 1.484180967809749356e-08 1.569765284476159623e-08 1.662849932704378711e-08 1.764167083245278461e-08 1.895512203989880456e-08 5.649756075472136216e-09 9.513992208652171090e-09 1.159090222599072750e-08 1.307674033440836942e-08 1.438456729103827774e-08 1.566098887956311845e-08 1.665131309483837335e-08 1.773778248511758304e-08 1.895512203989880456e-08 2.059219431102427022e-08
2.979062842114523541e-09 4.120507117370596178e-09 4.509820815204720642e-09 4.745624872531227246e-09 4.912258816096745484e-09 5.045761752861914531e-09 5.158918127494118321e-09 5.263318740049461833e-09 5.372948035451723100e-09 5.512610274358523645e-09 4.120507117370596178e-09 6.209893464933869780e-09 7.049995050808775356e-09 7.572771225695832270e-09 8.033158042538584166e-09 8.331370794049645857e-09 8.584150018461689384e-09 8.817370721813422293e-09 9.062273115341574613e-09 9.374291457654743809e-09 4.509820815204720642e-09 7.049995050808775356e-09 8.274824195642304860e-09 9.013775952790259933e-09 9.546066786939952723e-09 9.974285462202356320e-09 1.033748285414447869e-08 1.067260160051245600e-08 1.102450764806086250e-08 1.147287150853391647e-08 4.745624872531227246e-09 7.572771225695832270e-09 9.013775952790259933e-09 9.930285765689754580e-09 1.051377881037968700e-08 1.106190346987769760e-08 1.152795112685781501e-08 1.195817835801049817e-08 1.240997820082570785e-08 1.298563425684902866e-08 4.912258816096745484e-09 8.033158042538584166e-09 9.546066786939952723e-09 1.051377881037968700e-08 1.131520085673911100e-08 1.197620835407922489e-08 1.254194288633464614e-08 1.315982437857339368e-08 1.371003317884694596e-08 1.441110256078742241e-08 5.045761752861914531e-09 8.331370794049645857e-09 9.974285462202356320e-09 1.106190346987769760e-08 1.197620835407922489e-08 1.283913138053522147e-08 1.350583637604778043e-08 1.412579547009925014e-08 1.477794819447192557e-08 1.560906220963807125e-08 5.158918127494118321e-09 8.584150018461689384e-09 1.033748285414447869e-08 1.152795112685781501e-08 1.254194288633464614e-08 1.350583637604778043e-08 1.427191371801651583e-08 1.489602456032662391e-08 1.565611023555249082e-08 1.662560903090656520e-08 5.263318740049461833e-09 8.817370721813422293e-09 1.067260160051245600e-08 1.195817835801049817e-08 1.315982437857339368e-08 1.412579547009925014e-08 1.489602456032662391e-08 1.572262896042781723e-08 1.660518911782818853e-08 1.773497042286651152e-08 5.372948035451723100e-09 9.062273115341574613e-09 1.102450764806086250e-08 1.240997820082570785e-08 1.371003317884694596e-08 1.477794819447192557e-08 1.565611023555249082e-08 1.660518911782818853e-08 1.763881190575148730e-08 1.897916684715431191e-08 5.512610274358523645e-09 9.374291457654743809e-09 1.147287150853391647e-08 1.298563425684902866e-08 1.441110256078742241e-08 1.560906220963807125e-08 1.662560903090656520e-08 1.773497042286651152e-08 1.897916684715431191e-08 2.065372846509504808e-08
2.879230954149172369e-09 4.064464372760781129e-09 4.450896019552765009e-09 4.685014897400548578e-09 4.850458365259814819e-09 4.983007921450038907e-09 5.095355730872683688e-09 5.199010365804121807e-09 5.307856866990857372e-09 5.446521751494577709e-09 4.064464372760781129e-09 6.075599955573989618e-09 6.914674092184512745e-09 7.506205103172324052e-09 7.877921677548436494e-09 8.175928886302365899e-09 8.428534441517072796e-09 8.661594932884274064e-09 8.906329089617294626e-09 9.218134406340870496e-09 4.450896019552765009e-09 6.914674092184512745e-09 8.123094597266035454e-09 8.865098139031177435e-09 9.399834361465172384e-09 9.830065082001301199e-09 1.019497549966761908e-08 1.053167551598648500e-08 1.088524209326768017e-08 1.133572331340342210e-08 4.685014897400548578e-09 7.506205103172324052e-09 8.865098139031177435e-09 9.788063476098819777e-09 1.046921835574902298e-08 1.095004292288459773e-08 1.142010174319158973e-08 1.185403774759061256e-08 1.230973297325993580e-08 1.289035412650196553e-08 4.850458365259814819e-09 7.877921677548436494e-09 9.399834361465172384e-09 1.046921835574902298e-08 1.120704683030824578e-08 1.194825807194875371e-08 1.252080367214240527e-08 1.305038198497681725e-08 1.360669371359888962e-08 1.431554202316235767e-08 4.983007921450038907e-09 8.175928886302365899e-09 9.830065082001301199e-09 1.095004292288459773e-08 1.194825807194875371e-08 1.272745386184913264e-08 1.340295736345425623e-08 1.403119829513834064e-08 1.469208740277857565e-08 1.553434117203285300e-08 5.095355730872683688e-09 8.428534441517072796e-09 1.019497549966761908e-08 1.142010174319158973e-08 1.252080367214240527e-08 1.340295736345425623e-08 1.418047668333528190e-08 1.491142407426568803e-08 1.568375409717163065e-08 1.659331258243585745e-08 5.199010365804121807e-09 8.661594932884274064e-09 1.053167551598648500e-08 1.185403774759061256e-08 1.305038198497681725e-08 1.403119829513834064e-08 1.491142407426568803e-08 1.567751997159038824e-08 1.657546952211524308e-08 1.772505305134857515e-08 5.307856866990857372e-09 8.906329089617294626e-09 1.088524209326768017e-08 1.230973297325993580e-08 1.360669371359888962e-08 1.469208740277857565e-08 1.568375409717163065e-08 1.657546952211524308e-08 1.770490715092576539e-08 1.899562780243237485e-08 5.446521751494577709e-09 9.218134406340870496e-09 1.133572331340342210e-08 1.289035412650196553e-08 1.431554202316235767e-08 1.553434117203285300e-08 1.659331258243585745e-08 1.772505305134857515e-08 1.899562780243237485e-08 2.070714848004954588e-08
2.786009415430490804e-09 3.926802826626354333e-09 4.308060989601383498e-09 4.539102332410028774e-09 4.702374448230854993e-09 4.833184563213275008e-09 4.944058069325353427e-09 5.046352467130160240e-09 5.153770595492212109e-09 5.290616552336294105e-09 3.926802826626354333e-09 5.943833787648509428e-09 6.820423192714931107e-09 7.342593660873394514e-09 7.713457251674385933e-09 8.010786908666432124e-09 8.262818724596502762e-09 8.495349891330561538e-09 8.739528210303020246e-09 9.050626645952167239e-09 4.308060989601383498e-09 6.820423192714931107e-09 7.961818094112289214e-09 8.705798033501771492e-09 9.242217738857931811e-09 9.673850056171909357e-09 1.003995612097478915e-08 1.037776006987454364e-08 1.073248593100005835e-08 1.118444585204800831e-08 4.539102332410028774e-09 7.342593660873394514e-09 8.705798033501771492e-09 9.633982079463068813e-09 1.031963640953047293e-08 1.087671007150122142e-08 1.130785451980272473e-08 1.174499252555838990e-08 1.220405098856480309e-08 1.278895913071933871e-08 4.702374448230854993e-09 7.713457251674385933e-09 9.242217738857931811e-09 1.031963640953047293e-08 1.113723203080112914e-08 1.181230191291324602e-08 1.239044437787996271e-08 1.292523017631534962e-08 1.348701722825127100e-08 1.420284481291401322e-08 4.833184563213275008e-09 8.010786908666432124e-09 9.673850056171909357e-09 1.087671007150122142e-08 1.181230191291324602e-08 1.260049893848214167e-08 1.328411539083659121e-08 1.392000773345114001e-08 1.458897183144524626e-08 1.544152274090588979e-08 4.944058069325353427e-09 8.262818724596502762e-09 1.003995612097478915e-08 1.130785451980272473e-08 1.239044437787996271e-08 1.328411539083659121e-08 1.407236530344305082e-08 1.481366993501852265e-08 1.559704097370585778e-08 1.655210065137314107e-08 5.046352467130160240e-09 8.495349891330561538e-09 1.037776006987454364e-08 1.174499252555838990e-08 1.292523017631534962e-08 1.392000773345114001e-08 1.481366993501852265e-08 1.566824229747675624e-08 1.658115737395416561e-08 1.770559803702690454e-08 5.153770595492212109e-09 8.739528210303020246e-09 1.073248593100005835e-08 1.220405098856480309e-08 1.348701722825127100e-08 1.458897183144524626e-08 1.559704097370585778e-08 1.658115737395416561e-08 1.765424833125123612e-08 1.900195420680104820e-08 5.290616552336294105e-09 9.050626645952167239e-09 1.118444585204800831e-08 1.278895913071933871e-08 1.420284481291401322e-08 1.544152274090588979e-08 1.655210065137314107e-08 1.770559803702690454e-08 1.900195420680104820e-08 2.074974965493438146e-08
2.705201220744908176e-09 3.791155721724213657e-09 4.166702020738647468e-09 4.394340364341042507e-09 4.555211204760371072e-09 4.684097677547733729e-09 4.793340749862993811e-09 4.894130863267522278e-09 4.999969355892249300e-09 5.134803615684245628e-09 3.791155721724213657e-09 5.812231258243214093e-09 6.655628405356829099e-09 7.175712308256857459e-09 7.545153330036603872e-09 7.841349069545968637e-09 8.092420330413198306e-09 8.324065290291129617e-09 8.567313013223481724e-09 8.877227030796520093e-09 4.166702020738647468e-09 6.655628405356829099e-09 7.796350894506533228e-09 8.541233849209391803e-09 9.078575343345137647e-09 9.510998788021970986e-09 9.877783076684742672e-09 1.021621357929041557e-08 1.057159743431212283e-08 1.102439729420500845e-08 4.394340364341042507e-09 7.175712308256857459e-09 8.541233849209391803e-09 9.473380323338472822e-09 1.016263948541793471e-08 1.071200588625481632e-08 1.118839546252695570e-08 1.162818856690925389e-08 1.209003597999325148e-08 1.267849932384578547e-08 4.555211204760371072e-09 7.545153330036603872e-09 9.078575343345137647e-09 1.016263948541793471e-08 1.097566783429488186e-08 1.166714525307194563e-08 1.225021252668179633e-08 1.278958615013405650e-08 1.335619791015892192e-08 1.407817574700216942e-08 4.684097677547733729e-09 7.841349069545968637e-09 9.510998788021970986e-09 1.071200588625481632e-08 1.166714525307194563e-08 1.246349007318984671e-08 1.315449944692141351e-08 1.379738061160303115e-08 1.447372445672498676e-08 1.533568670009974164e-08 4.793340749862993811e-09 8.092420330413198306e-09 9.877783076684742672e-09 1.118839546252695570e-08 1.225021252668179633e-08 1.315449944692141351e-08 1.395272381704898709e-08 1.469263993423154679e-08 1.548627792802188947e-08 1.649864646393186722e-08 4.894130863267522278e-09 8.324065290291129617e-09 1.021621357929041557e-08 1.162818856690925389e-08 1.278958615013405650e-08 1.379738061160303115e-08 1.469263993423154679e-08 1.555979682030165237e-08 1.648652247456162759e-08 1.767316967889981205e-08 4.999969355892249300e-09 8.567313013223481724e-09 1.057159743431212283e-08 1.209003597999325148e-08 1.335619791015892192e-08 1.447372445672498676e-08 1.548627792802188947e-08 1.648652247456162759e-08 1.757794391393588959e-08 1.899459173216794848e-08 5.134803615684245628e-09 8.877227030796520093e-09 1.102439729420500845e-08 1.267849932384578547e-08 1.407817574700216942e-08 1.533568670009974164e-08 1.649864646393186722e-08 1.767316967889981205e-08 1.899459173216794848e-08 2.077782270508820689e-08
2.597292688174949665e-09 3.659974882523559254e-09 4.029327449790321498e-09 4.253271063016537756e-09 4.411534517645309038e-09 4.538332223530365026e-09 4.645804899860002716e-09 4.744961598988009676e-09 4.849084858096719147e-09 4.981734591590625611e-09 3.659974882523559254e-09 5.677435584861862771e-09 6.505923209712126089e-09 7.023294911248602463e-09 7.375705545402169285e-09 7.670315515596470444e-09 7.920043229010611747e-09 8.150448627439879739e-09 8.392394700949064081e-09 8.700651461052493059e-09 4.029327449790321498e-09 6.505923209712126089e-09 7.629356066332224788e-09 8.374049782514219504e-09 8.911536747577086468e-09 9.344128927190808677e-09 9.711063882951191086e-09 1.004963420872907473e-08 1.040516494805896114e-08 1.085815344809839991e-08 4.253271063016537756e-09 7.023294911248602463e-09 8.374049782514219504e-09 9.308860845460773918e-09 1.001649326040405877e-08 1.057922642243082642e-08 1.105784289901816974e-08 1.149969876890917625e-08 1.196371313817448949e-08 1.255493913537066092e-08 4.411534517645309038e-09 7.375705545402169285e-09 8.911536747577086468e-09 1.001649326040405877e-08 1.084578354443471193e-08 1.153147161467478355e-08 1.211884178616109470e-08 1.266228175866545887e-08 1.323316219381493782e-08 1.396058322320023530e-08 4.538332223530365026e-09 7.670315515596470444e-09 9.344128927190808677e-09 1.057922642243082642e-08 1.153147161467478355e-08 1.233504825757820089e-08 1.303279816705166094e-08 1.368208702588277846e-08 1.436517750930128394e-08 1.523574933423651196e-08 4.645804899860002716e-09 7.920043229010611747e-09 9.711063882951191086e-09 1.105784289901816974e-08 1.211884178616109470e-08 1.303279816705166094e-08 1.384043369899437615e-08 1.460038779966937880e-08 1.540373133126076227e-08 1.642850694004281196e-08 4.744961598988009676e-09 8.150448627439879739e-09 1.004963420872907473e-08 1.149969876890917625e-08 1.266228175866545887e-08 1.368208702588277846e-08 1.460038779966937880e-08 1.547960177574716281e-08 1.641953156864925627e-08 1.762320703552623422e-08 4.849084858096719147e-09 8.392394700949064081e-09 1.040516494805896114e-08 1.196371313817448949e-08 1.323316219381493782e-08 1.436517750930128394e-08 1.540373133126076227e-08 1.641953156864925627e-08 1.752868864798914230e-08 1.896885069720822875e-08 4.981734591590625611e-09 8.700651461052493059e-09 1.085815344809839991e-08 1.255493913537066092e-08 1.396058322320023530e-08 1.523574933423651196e-08 1.642850694004281196e-08 1.762320703552623422e-08 1.896885069720822875e-08 2.078650943114320637e-08
2.494984921343234193e-09 3.533371834373376954e-09 3.924090151757700783e-09 4.144460054395811475e-09 4.300204563083828734e-09 4.424984092573018890e-09 4.530746601026835176e-09 4.628325440388083195e-09 4.730791350670222237e-09 4.861330354415380003e-09 3.533371834373376954e-09 5.536001663347342130e-09 6.358217734527755901e-09 6.872171964781694034e-09 7.237431809384245817e-09 7.530279010272936214e-09 7.778514990530552769e-09 8.007544065037130123e-09 8.248044085900409966e-09 8.554459949012606324e-09 3.924090151757700783e-09 6.358217734527755901e-09 7.460937499428727266e-09 8.204307547468322556e-09 8.774069346938590778e-09 9.206492265988825950e-09 9.573295072737532087e-09 9.911743322073293715e-09 1.026714493605065042e-08 1.071997100675068887e-08 4.144460054395811475e-09 6.872171964781694034e-09 8.204307547468322556e-09 9.173775295966461662e-09 9.867494081405163749e-09 1.043197443334157971e-08 1.091211845485096686e-08 1.135539186625989569e-08 1.182089565624774257e-08 1.241402101451901451e-08 4.300204563083828734e-09 7.237431809384245817e-09 8.774069346938590778e-09 9.867494081405163749e-09 1.070109521166640637e-08 1.139082003120945148e-08 1.198179192161260402e-08 1.252860102417785015e-08 1.310302633033919986e-08 1.383496663329217214e-08 4.424984092573018890e-09 7.530279010272936214e-09 9.206492265988825950e-09 1.043197443334157971e-08 1.139082003120945148e-08 1.220082216335052461e-08 1.290451248731582938e-08 1.355945242048631517e-08 1.424851809354684573e-08 1.512671158827781619e-08 4.530746601026835176e-09 7.778514990530552769e-09 9.573295072737532087e-09 1.091211845485096686e-08 1.198179192161260402e-08 1.290451248731582938e-08 1.372056839541832829e-08 1.448875542198199360e-08 1.530091733959529059e-08 1.633697010987729889e-08 4.628325440388083195e-09 8.007544065037130123e-09 9.911743322073293715e-09 1.135539186625989569e-08 1.252860102417785015e-08 1.355945242048631517e-08 1.448875542198199360e-08 1.537913643821228212e-08 1.633134187637145404e-08 1.755086539558359295e-08 4.730791350670222237e-09 8.248044085900409966e-09 1.026714493605065042e-08 1.182089565624774257e-08 1.310302633033919986e-08 1.424851809354684573e-08 1.530091733959529059e-08 1.633134187637145404e-08 1.745727427443077375e-08 1.891974138740376672e-08 4.861330354415380003e-09 8.554459949012606324e-09 1.071997100675068887e-08 1.241402101451901451e-08 1.383496663329217214e-08 1.512671158827781619e-08 1.633697010987729889e-08 1.755086539558359295e-08 1.891974138740376672e-08 2.077063018141993104e-08
2.426438890609280525e-09 3.443022722191831016e-09 3.799555152964947597e-09 4.015825493912997064e-09 4.168676624016414300e-09 4.291138251653988571e-09 4.394936127558431304e-09 4.490702347818850184e-09 4.591264866302067674e-09 4.719379449039659979e-09 3.443022722191831016e-09 5.349927249406987502e-09 6.200105601047436320e-09 6.709704842004987942e-09 7.071936289468138686e-09 7.362362571222907407e-09 7.608547131070947006e-09 7.835683547357251279e-09 8.074196133632408999e-09 8.378080768989840833e-09 3.799555152964947597e-09 6.200105601047436320e-09 7.328736053655781015e-09 8.070665617824207833e-09 8.606449781091121583e-09 9.037817524846288086e-09 9.403733485514181949e-09 9.741364301913900392e-09 1.009590762107587565e-08 1.054764138732510260e-08 4.015825493912997064e-09 6.709704842004987942e-09 8.070665617824207833e-09 9.007583652887673411e-09 9.702088319157678163e-09 1.026742235954496449e-08 1.074833624435115730e-08 1.119232812960824571e-08 1.165858726183880943e-08 1.225267665826939830e-08 4.168676624016414300e-09 7.071936289468138686e-09 8.606449781091121583e-09 9.702088319157678163e-09 1.053874184069601859e-08 1.123148858214286467e-08 1.182520121921623740e-08 1.237458509366279072e-08 1.295172115444830641e-08 1.368711794178734468e-08 4.291138251653988571e-09 7.362362571222907407e-09 9.037817524846288086e-09 1.026742235954496449e-08 1.123148858214286467e-08 1.204680059009437774e-08 1.275548453448329824e-08 1.341520227573976836e-08 1.410932638038253890e-08 1.499397350019874002e-08 4.394936127558431304e-09 7.608547131070947006e-09 9.403733485514181949e-09 1.074833624435115730e-08 1.182520121921623740e-08 1.275548453448329824e-08 1.357894149255173811e-08 1.435442261999822925e-08 1.517441837991279079e-08 1.622049423553756611e-08 4.490702347818850184e-09 7.835683547357251279e-09 9.741364301913900392e-09 1.119232812960824571e-08 1.237458509366279072e-08 1.341520227573976836e-08 1.435442261999822925e-08 1.525497492398920744e-08 1.621841528428663397e-08 1.745246324639485834e-08 4.591264866302067674e-09 8.074196133632408999e-09 1.009590762107587565e-08 1.165858726183880943e-08 1.295172115444830641e-08 1.410932638038253890e-08 1.517441837991279079e-08 1.621841528428663397e-08 1.736003307778860929e-08 1.884342923584967345e-08 4.719379449039659979e-09 8.378080768989840833e-09 1.054764138732510260e-08 1.225267665826939830e-08 1.368711794178734468e-08 1.499397350019874002e-08 1.622049423553756611e-08 1.745246324639485834e-08 1.884342923584967345e-08 2.072614932835060903e-08
2.307143368036919125e-09 3.294225308673916259e-09 3.642305779579948821e-09 3.853532533728847824e-09 4.002820191323054148e-09 4.122427331691072016e-09 4.223805407685815972e-09 4.317339076171155417e-09 4.415557652991330847e-09 4.540686405973254891e-09 3.294225308673916259e-09 5.196410717056026718e-09 6.000113830208400064e-09 6.503751647039085607e-09 6.861767202890700845e-09 7.148831560964651345e-09 7.426527771242789021e-09 7.651347868443526372e-09 7.887428140605848498e-09 8.188214715973561606e-09 3.642305779579948821e-09 6.000113830208400064e-09 7.153290329527057663e-09 7.891562068353015892e-09 8.425010136155491417e-09 8.854557204441385839e-09 9.218937370143477871e-09 9.555152012597948166e-09 9.908208307919157863e-09 1.035804867490831800e-08 3.853532533728847824e-09 6.503751647039085607e-09 7.891562068353015892e-09 8.826907749479838824e-09 9.485578590963294381e-09 1.005035601477876946e-08 1.053091263613301641e-08 1.097457770528400830e-08 1.144049564365250239e-08 1.203415110928446110e-08 4.002820191323054148e-09 6.861767202890700845e-09 8.425010136155491417e-09 9.485578590963294381e-09 1.032333764208509431e-08 1.101746648490397215e-08 1.164964351328998891e-08 1.220076004765074913e-08 1.277972257923086980e-08 1.351744912396256912e-08 4.122427331691072016e-09 7.148831560964651345e-09 8.854557204441385839e-09 1.005035601477876946e-08 1.101746648490397215e-08 1.187353398164449957e-08 1.258619931452891131e-08 1.324976064333192023e-08 1.394796230155345490e-08 1.483781327153034447e-08 4.223805407685815972e-09 7.426527771242789021e-09 9.218937370143477871e-09 1.053091263613301641e-08 1.164964351328998891e-08 1.258619931452891131e-08 1.341595904730257909e-08 1.419772116784514498e-08 1.502448778473879502e-08 1.607923259498144157e-08 4.317339076171155417e-09 7.651347868443526372e-09 9.555152012597948166e-09 1.097457770528400830e-08 1.220076004765074913e-08 1.324976064333192023e-08 1.419772116784514498e-08 1.510736094780660418e-08 1.608090171163771021e-08 1.732803052272297189e-08 4.415557652991330847e-09 7.887428140605848498e-09 9.908208307919157863e-09 1.144049564365250239e-08 1.277972257923086980e-08 1.394796230155345490e-08 1.502448778473879502e-08 1.608090171163771021e-08 1.723700308716173678e-08 1.873980774477006966e-08 4.540686405973254891e-09 8.188214715973561606e-09 1.035804867490831800e-08 1.203415110928446110e-08 1.351744912396256912e-08 1.483781327153034447e-08 1.607923259498144157e-08 1.732803052272297189e-08 1.873980774477006966e-08 2.065277964896388989e-08
