-7.734678239902444417e-10 -9.824303313216107731e-10 -1.052093855095713215e-09 -1.094290682781105381e-09 -1.124109625303932258e-09 -1.147999913657072585e-09 -1.168248977770082761e-09 -1.186931289755858379e-09 -1.206549391366766354e-09 -1.231539645330512876e-09 -9.824303313216107731e-10 -1.349623462258383651e-09 -1.495512187401396362e-09 -1.586466175972962327e-09 -5.556710231053294906e-09 -1.619238133821401164e-09 -1.662651889638305129e-09 -1.702706625435937382e-09 -1.744767446858966476e-09 -1.798353554109244679e-09 -1.052093855095713215e-09 -1.495512187401396362e-09 -1.609675024962260954e-09 -1.737406912722027838e-09 -1.829527765966191892e-09 -1.903676008060876055e-09 -1.966571134800114652e-09 -2.024604335142187172e-09 -2.085544435836938267e-09 -2.163186868403165637e-09 -1.094290682781105381e-09 -1.586466175972962327e-09 -1.737406912722027838e-09 -1.896811599403407441e-09 -2.014715031941589596e-09 -2.110628719899931273e-09 -2.192209180354517915e-09 -2.267524828495215624e-09 -2.346617520507766085e-09 -2.447391119730119699e-09 -1.124109625303932258e-09 -5.556710231053294906e-09 -1.829527765966191892e-09 -2.014715031941589596e-09 -2.155718485841381907e-09 -2.272348652398206596e-09 -2.372276327143882233e-09 -2.464736834077327977e-09 -2.561867134199407580e-09 -2.685628824924396930e-09 -1.147999913657072585e-09 -1.619238133821401164e-09 -1.903676008060876055e-09 -2.110628719899931273e-09 -2.272348652398206596e-09 -2.408929440768111915e-09 -2.527588297030878857e-09 -2.638032122091594186e-09 -2.754232916544293025e-09 -2.902324690494302836e-09 -1.168248977770082761e-09 -1.662651889638305129e-09 -1.966571134800114652e-09 -2.192209180354517915e-09 -2.372276327143882233e-09 -2.527588297030878857e-09 -2.664973239814832424e-09 -2.794323453972097920e-09 -2.931091088520019360e-09 -3.105562174055471045e-09 -1.186931289755858379e-09 -1.702706625435937382e-09 -2.024604335142187172e-09 -2.267524828495215624e-09 -2.464736834077327977e-09 -2.638032122091594186e-09 -2.794323453972097920e-09 -2.944136599552968727e-09 -3.104399588621529344e-09 -3.309672069087953682e-09 -1.206549391366766354e-09 -1.744767446858966476e-09 -2.085544435836938267e-09 -2.346617520507766085e-09 -2.561867134199407580e-09 -2.754232916544293025e-09 -2.931091088520019360e-09 -3.104399588621529344e-09 -3.293909388038528765e-09 -3.540164491996933370e-09 -1.231539645330512876e-09 -1.798353554109244679e-09 -2.163186868403165637e-09 -2.447391119730119699e-09 -2.685628824924396930e-09 -2.902324690494302836e-09 -3.105562174055471045e-09 -3.309672069087953682e-09 -3.540164491996933370e-09 -3.852257858327939253e-09
-7.570351969796949813e-10 -9.651570977325915558e-10 -1.034660855950349466e-09 -1.076766837339411383e-09 -1.106521990595313195e-09 -1.130361181631771436e-09 -1.150566954670382453e-09 -1.169209314457465354e-09 -1.188785466831640039e-09 -1.213722417107265696e-09 -9.651570977325915558e-10 -1.331890576354653233e-09 -1.380644605596363349e-09 -1.470713709105137779e-09 -1.534709866642547520e-09 -1.586017758655535186e-09 -1.629509524390392646e-09 -1.669636228945320310e-09 -1.711772634083675401e-09 -1.765455354269673045e-09 -1.034660855950349466e-09 -1.380644605596363349e-09 -1.576863193368040622e-09 -1.705274414695157234e-09 -1.797922273684721855e-09 -1.872502212375700374e-09 -1.935764606310904340e-09 -1.994136788295813005e-09 -2.055432870194553262e-09 -2.133529222088332862e-09 -1.076766837339411383e-09 -1.470713709105137779e-09 -1.705274414695157234e-09 -1.865889367988897223e-09 -1.984785528895543349e-09 -2.081535307540923379e-09 -2.163832817490471035e-09 -2.239811497865400877e-09 -2.319600596913801044e-09 -2.421261926317847779e-09 -1.106521990595313195e-09 -1.534709866642547520e-09 -1.797922273684721855e-09 -1.984785528895543349e-09 -2.127244637407841965e-09 -2.245145700868407006e-09 -2.346183014574666363e-09 -2.439675605852044588e-09 -2.537890957068754750e-09 -2.663035740515870760e-09 -1.130361181631771436e-09 -1.586017758655535186e-09 -1.872502212375700374e-09 -2.081535307540923379e-09 -2.245145700868407006e-09 -2.383445458103054117e-09 -2.503650345543892676e-09 -2.615551335930236958e-09 -2.733289741050886086e-09 -2.883342290811983814e-09 -1.150566954670382453e-09 -1.629509524390392646e-09 -1.935764606310904340e-09 -2.163832817490471035e-09 -2.346183014574666363e-09 -2.503650345543892676e-09 -2.643041049200149361e-09 -2.774325830025488441e-09 -2.913156398823085345e-09 -3.090263585023022693e-09 -1.169209314457465354e-09 -1.669636228945320310e-09 -1.994136788295813005e-09 -2.239811497865400877e-09 -2.439675605852044588e-09 -2.615551335930236958e-09 -2.774325830025488441e-09 -2.926614239056976833e-09 -3.089576459734669767e-09 -3.298326066290385491e-09 -1.188785466831640039e-09 -1.711772634083675401e-09 -2.055432870194553262e-09 -2.319600596913801044e-09 -2.537890957068754750e-09 -2.733289741050886086e-09 -2.913156398823085345e-09 -3.089576459734669767e-09 -3.282612254666728016e-09 -3.533530377327137837e-09 -1.213722417107265696e-09 -1.765455354269673045e-09 -2.133529222088332862e-09 -2.421261926317847779e-09 -2.663035740515870760e-09 -2.883342290811983814e-09 -3.090263585023022693e-09 -3.298326066290385491e-09 -3.533530377327137837e-09 -3.852292800682477984e-09
-7.458214528040006862e-10 -8.504345273907150529e-10 -9.178916675033697845e-10 -9.587686097703508809e-10 -9.876566175330460274e-10 -1.010801043618278607e-09 -1.030418132275719850e-09 -1.048517335436692047e-09 -1.067522971644730202e-09 -1.091733989976674027e-09 -8.504345273907150529e-10 -1.208904256027988906e-09 -1.353409108003387987e-09 -1.443628703080750136e-09 -1.507739696797723198e-09 -1.559140548962174768e-09 -1.602711203144406444e-09 -1.642910688748818226e-09 -1.685123529052094731e-09 -1.738903891160851232e-09 -9.178916675033697845e-10 -1.353409108003387987e-09 -1.550344505662520751e-09 -1.679400393915064132e-09 -1.772549818080474935e-09 -1.847540960465124638e-09 -1.911153242573065982e-09 -1.969848373891230227e-09 -2.031483600182825536e-09 -2.110012360481089902e-09 -9.587686097703508809e-10 -1.443628703080750136e-09 -1.679400393915064132e-09 -1.841163637014577743e-09 -1.961006516965875292e-09 -2.058555143069164570e-09 -2.141538109855231902e-09 -2.218150681415928860e-09 -2.298605586334582160e-09 -2.401115595350358137e-09 -9.876566175330460274e-10 -1.507739696797723198e-09 -1.772549818080474935e-09 -1.961006516965875292e-09 -2.104859227454792336e-09 -2.223980751594136105e-09 -2.326084968271341317e-09 -2.420570258005505382e-09 -2.519829310610115599e-09 -2.646304440792577767e-09 -1.010801043618278607e-09 -1.559140548962174768e-09 -1.847540960465124638e-09 -2.058555143069164570e-09 -2.223980751594136105e-09 -2.363938303051292969e-09 -2.485637601978252242e-09 -2.598948331508014994e-09 -2.718174618815656693e-09 -2.870124534317136398e-09 -1.030418132275719850e-09 -1.602711203144406444e-09 -1.911153242573065982e-09 -2.141538109855231902e-09 -2.326084968271341317e-09 -2.485637601978252242e-09 -2.626975398750652606e-09 -2.760141291863944082e-09 -2.900979021901073037e-09 -3.080651285085294256e-09 -1.048517335436692047e-09 -1.642910688748818226e-09 -1.969848373891230227e-09 -2.218150681415928860e-09 -2.420570258005505382e-09 -2.598948331508014994e-09 -2.760141291863944082e-09 -2.914847001020208994e-09 -3.080448890251111628e-09 -3.292600290863894438e-09 -1.067522971644730202e-09 -1.685123529052094731e-09 -2.031483600182825536e-09 -2.298605586334582160e-09 -2.519829310610115599e-09 -2.718174618815656693e-09 -2.900979021901073037e-09 -3.080448890251111628e-09 -3.276949654875963186e-09 -3.532456084435276200e-09 -1.091733989976674027e-09 -1.738903891160851232e-09 -2.110012360481089902e-09 -2.401115595350358137e-09 -2.646304440792577767e-09 -2.870124534317136398e-09 -3.080651285085294256e-09 -3.292600290863894438e-09 -3.532456084435276200e-09 -3.857823610693411006e-09
-7.385284908573276514e-10 -8.352324487390171037e-10 -9.025632840943636704e-10 -9.433687508293906685e-10 -9.722066300233045493e-10 -9.953109233748633080e-10 -1.014893996468708508e-09 -1.032961810082998596e-09 -1.051934490149308634e-09 -1.076103647042089771e-09 -8.352324487390171037e-10 -1.193257631414636076e-09 -1.337972983820972368e-09 -1.428377736495738926e-09 -1.492627815798338407e-09 -1.544141037877631653e-09 -1.587807031109894324e-09 -1.628094478186114110e-09 -1.670399691946626889e-09 -1.724297901716164938e-09 -9.025632840943636704e-10 -1.337972983820972368e-09 -1.535630379228633852e-09 -1.665326085980997650e-09 -1.758972652771496553e-09 -1.834371345299509940e-09 -1.898330409356267332e-09 -1.957345626828124078e-09 -2.019316988447964371e-09 -2.098274218052695464e-09 -9.433687508293906685e-10 -1.428377736495738926e-09 -1.665326085980997650e-09 -1.828203520826146553e-09 -1.948966755778840862e-09 -2.047292729417564172e-09 -2.130942895673369953e-09 -2.208172518272432353e-09 -2.289275543619392632e-09 -2.392611591035041921e-09 -9.722066300233045493e-10 -1.492627815798338407e-09 -1.758972652771496553e-09 -1.948966755778840862e-09 -2.094169701541598232e-09 -2.214476188629253130e-09 -2.317617175693990921e-09 -2.413067387111829385e-09 -2.513340979119354310e-09 -2.641109191456599404e-09 -9.953109233748633080e-10 -1.544141037877631653e-09 -1.834371345299509940e-09 -2.047292729417564172e-09 -2.214476188629253130e-09 -2.356044517889899002e-09 -2.479198417300997625e-09 -2.593882292150569304e-09 -2.714558100127112427e-09 -2.868356405859857369e-09 -1.014893996468708508e-09 -1.587807031109894324e-09 -1.898330409356267332e-09 -2.130942895673369953e-09 -2.317617175693990921e-09 -2.479198417300997625e-09 -2.622435580934494528e-09 -2.757439096735676123e-09 -2.900238654562831129e-09 -3.082418215912432122e-09 -1.032961810082998596e-09 -1.628094478186114110e-09 -1.957345626828124078e-09 -2.208172518272432353e-09 -2.413067387111829385e-09 -2.593882292150569304e-09 -2.757439096735676123e-09 -2.914513213635695499e-09 -3.082704637445814856e-09 -3.298194403985207214e-09 -1.051934490149308634e-09 -1.670399691946626889e-09 -2.019316988447964371e-09 -2.289275543619392632e-09 -2.513340979119354310e-09 -2.714558100127112427e-09 -2.900238654562831129e-09 -3.082704637445814856e-09 -3.282617478854265026e-09 -3.542647581740981446e-09 -1.076103647042089771e-09 -1.724297901716164938e-09 -2.098274218052695464e-09 -2.392611591035041921e-09 -2.641109191456599404e-09 -2.868356405859857369e-09 -3.082418215912432122e-09 -3.298194403985207214e-09 -3.542647581740981446e-09 -3.874563862121948784e-09
-7.303345740961175249e-10 -8.323534459057750412e-10 -8.997366046901308121e-10 -9.405776796781221834e-10 -9.694410460993332875e-10 -9.925657821544881014e-10 -1.012166182569422925e-09 -1.030249980338767423e-09 -1.049239447562296479e-09 -1.073430020978225623e-09 -8.323534459057750412e-10 -1.190595642879660578e-09 -1.335628100441441563e-09 -1.426278747264034958e-09 -1.490710500907637440e-09 -1.542370189567780489e-09 -1.586160420329892491e-09 -1.626562495074370842e-09 -1.668988080719195256e-09 -1.723039701194494491e-09 -8.997366046901308121e-10 -1.335628100441441563e-09 -1.534056067721574888e-09 -1.664411070497291114e-09 -1.758567209522500311e-09 -1.834383260585019014e-09 -1.898697406958685510e-09 -1.958040372478496352e-09 -2.020355911672881819e-09 -2.099751742865317462e-09 -9.405776796781221834e-10 -1.426278747264034958e-09 -1.664411070497291114e-09 -1.828390274141475669e-09 -1.950062032900742425e-09 -2.049155361082026267e-09 -2.133464211481044274e-09 -2.211303035067008227e-09 -2.293045934821685754e-09 -2.397197396529019406e-09 -9.694410460993332875e-10 -1.490710500907637440e-09 -1.758567209522500311e-09 -1.950062032900742425e-09 -2.096584208436512992e-09 -2.218049798801610244e-09 -2.322205583475758903e-09 -2.418600473238348123e-09 -2.519867351096185009e-09 -2.648901446678348996e-09 -9.925657821544881014e-10 -1.542370189567780489e-09 -1.834383260585019014e-09 -2.049155361082026267e-09 -2.218049798801610244e-09 -2.361189938913235980e-09 -2.485765465031544689e-09 -2.601792196966357130e-09 -2.723885768926670874e-09 -2.879491890590170509e-09 -1.012166182569422925e-09 -1.586160420329892491e-09 -1.898697406958685510e-09 -2.133464211481044274e-09 -2.322205583475758903e-09 -2.485765465031544689e-09 -2.630859990500042993e-09 -2.767662836328184728e-09 -2.912384259123481973e-09 -3.097020148063593522e-09 -1.030249980338767423e-09 -1.626562495074370842e-09 -1.958040372478496352e-09 -2.211303035067008227e-09 -2.418600473238348123e-09 -2.601792196966357130e-09 -2.767662836328184728e-09 -2.927060415406301512e-09 -3.097795076029395952e-09 -3.316564526968831892e-09 -1.049239447562296479e-09 -1.668988080719195256e-09 -2.020355911672881819e-09 -2.293045934821685754e-09 -2.519867351096185009e-09 -2.723885768926670874e-09 -2.912384259123481973e-09 -3.097795076029395952e-09 -3.301068786718556150e-09 -3.565559486060164222e-09 -1.073430020978225623e-09 -1.723039701194494491e-09 -2.099751742865317462e-09 -2.397197396529019406e-09 -2.648901446678348996e-09 -2.879491890590170509e-09 -3.097020148063593522e-09 -3.316564526968831892e-09 -3.565559486060164222e-09 -3.903964117248214513e-09
-7.158727453383587015e-10 -8.423066830036357579e-10 -9.099276787085328201e-10 -9.509155527288308817e-10 -9.798829207823258253e-10 -1.003090996887271384e-09 -1.022762035598877895e-09 -1.040911007078818727e-09 -1.059968911492419853e-09 -1.084246604570524442e-09 -8.423066830036357579e-10 -1.201460139971869974e-09 -1.346923056596694121e-09 -1.437884006508785251e-09 -1.502542566132416684e-09 -1.554384848591466573e-09 -1.598329935810246593e-09 -1.638874891746025054e-09 -1.681450514450656677e-09 -1.735693227764781740e-09 -9.099276787085328201e-10 -1.346923056596694121e-09 -1.546173761485175541e-09 -1.677208406501357699e-09 -1.771886866651448890e-09 -1.848130273143736386e-09 -1.912807951915809341e-09 -1.972486464437113881e-09 -2.035154367211868399e-09 -2.114999110571944731e-09 -9.509155527288308817e-10 -1.437884006508785251e-09 -1.677208406501357699e-09 -1.842274861936987154e-09 -1.964840919748154909e-09 -2.064689395950175881e-09 -2.149646475252312037e-09 -2.228084848550541254e-09 -2.310457484104014676e-09 -2.415411319307192110e-09 -9.798829207823258253e-10 -1.502542566132416684e-09 -1.771886866651448890e-09 -1.964840919748154909e-09 -2.112646060701352343e-09 -2.235239906514029329e-09 -2.340384037375275621e-09 -2.437699167774014571e-09 -2.539933665948268301e-09 -2.670200818238556186e-09 -1.003090996887271384e-09 -1.554384848591466573e-09 -1.848130273143736386e-09 -2.064689395950175881e-09 -2.235239906514029329e-09 -2.379904916951187230e-09 -2.505861654194784237e-09 -2.623193877866801116e-09 -2.746665989043302044e-09 -2.904029827107446817e-09 -1.022762035598877895e-09 -1.598329935810246593e-09 -1.912807951915809341e-09 -2.149646475252312037e-09 -2.340384037375275621e-09 -2.505861654194784237e-09 -2.652760940419153818e-09 -2.791314542611300327e-09 -2.937906942812739018e-09 -3.124934245330667591e-09 -1.040911007078818727e-09 -1.638874891746025054e-09 -1.972486464437113881e-09 -2.228084848550541254e-09 -2.437699167774014571e-09 -2.623193877866801116e-09 -2.791314542611300327e-09 -2.952976938220734801e-09 -3.126193825263111590e-09 -3.348165468890626631e-09 -1.059968911492419853e-09 -1.681450514450656677e-09 -2.035154367211868399e-09 -2.310457484104014676e-09 -2.539933665948268301e-09 -2.746665989043302044e-09 -2.937906942812739018e-09 -3.126193825263111590e-09 -3.332758198996484150e-09 -3.601621992730670638e-09 -1.084246604570524442e-09 -1.735693227764781740e-09 -2.114999110571944731e-09 -2.415411319307192110e-09 -2.670200818238556186e-09 -2.904029827107446817e-09 -3.124934245330667591e-09 -3.348165468890626631e-09 -3.601621992730670638e-09 -3.946422245871658195e-09
-6.610584866516687141e-10 -8.632787340414173950e-10 -9.312949156132622680e-10 -9.725238057983841404e-10 -1.001661700445492343e-09 -1.025006409072069919e-09 -1.044793256167556120e-09 -1.063049079267798334e-09 -1.082219183596976777e-09 -1.106639664824816663e-09 -8.632787340414173950e-10 -1.223929739139508836e-09 -1.369908540908136766e-09 -1.461227114718514573e-09 -1.526145513549153873e-09 -1.578196820726015275e-09 -1.622319164470483785e-09 -1.663027671463318027e-09 -1.705775033505162403e-09 2.333857894769921237e-09 -9.312949156132622680e-10 -1.369908540908136766e-09 -1.601734832843641204e-09 -1.733343589889808169e-09 -1.828523934692336853e-09 -1.905170288287661063e-09 -1.970190099741317283e-09 -2.030184616184865603e-09 -2.093184578927143990e-09 -2.173451814383189301e-09 -9.725238057983841404e-10 -1.461227114718514573e-09 -1.733343589889808169e-09 -1.867837887286674238e-09 -1.991268655614350966e-09 -2.091847559060354109e-09 -2.177431757810763504e-09 -2.256450190100390173e-09 -2.339432090412502626e-09 -2.445162109202195830e-09 -1.001661700445492343e-09 -1.526145513549153873e-09 -1.828523934692336853e-09 -1.991268655614350966e-09 -2.140303235663219125e-09 -2.263980105984974233e-09 -2.370073749508433261e-09 -2.468273210471673509e-09 -2.571437612178435427e-09 -2.702889655107221398e-09 -1.025006409072069919e-09 -1.578196820726015275e-09 -1.905170288287661063e-09 -2.091847559060354109e-09 -2.263980105984974233e-09 -2.410106594170918417e-09 -2.537389658277408573e-09 -2.655976504937528638e-09 -2.780773730587811473e-09 -2.939827106102443571e-09 -1.044793256167556120e-09 -1.622319164470483785e-09 -1.970190099741317283e-09 -2.177431757810763504e-09 -2.370073749508433261e-09 -2.537389658277408573e-09 -2.686024389260968415e-09 -2.826264414240205284e-09 -2.974660286037026895e-09 -3.163992915438691318e-09 -1.063049079267798334e-09 -1.663027671463318027e-09 -2.030184616184865603e-09 -2.256450190100390173e-09 -2.468273210471673509e-09 -2.655976504937528638e-09 -2.826264414240205284e-09 -2.990114871367461600e-09 -3.165733753712019675e-09 -3.390805545274827145e-09 -1.082219183596976777e-09 -1.705775033505162403e-09 -2.093184578927143990e-09 -2.339432090412502626e-09 -2.571437612178435427e-09 -2.780773730587811473e-09 -2.974660286037026895e-09 -3.165733753712019675e-09 -3.375496302465620096e-09 -3.648616978606239493e-09 -1.106639664824816663e-09 2.333857894769921237e-09 -2.173451814383189301e-09 -2.445162109202195830e-09 -2.702889655107221398e-09 -2.939827106102443571e-09 -3.163992915438691318e-09 -3.390805545274827145e-09 -3.648616978606239493e-09 -3.999685463686235180e-09
-6.865677169501666924e-10 -8.908221126524511262e-10 -9.593286274204129951e-10 -1.000855308810800680e-09 -1.030203807432254604e-09 -1.053717253756787069e-09 -1.073647121219896087e-09 -1.092034904097662826e-09 -1.111343572447256846e-09 -1.135940378998943278e-09 -8.908221126524511262e-10 -1.253309991198334324e-09 -1.399827357281816203e-09 -1.491512711102063718e-09 -1.556696969759323691e-09 -1.608962089382413098e-09 3.046112708303544190e-09 -1.661490594866267313e-09 -1.704129728255718684e-09 -1.758453056421159493e-09 -9.593286274204129951e-10 -1.399827357281816203e-09 -1.569068153465175464e-09 -1.700720710194946571e-09 -1.795971888317940938e-09 -1.872683073371844619e-09 -1.937759117089132756e-09 -1.997805641640523493e-09 -2.060860228124580387e-09 -2.141197355911428041e-09 -1.000855308810800680e-09 -1.491512711102063718e-09 -1.700720710194946571e-09 -1.900173213131035053e-09 -2.024407974716635444e-09 -2.125667565635309422e-09 -2.211836558809520075e-09 -2.291395983392130016e-09 -2.374946122057046434e-09 -2.481399983688957160e-09 -1.030203807432254604e-09 -1.556696969759323691e-09 -1.795971888317940938e-09 -2.024407974716635444e-09 -2.174585442835046560e-09 -2.299273476837208190e-09 -2.406255202321181752e-09 -2.505282230954966849e-09 -2.609316923146992275e-09 -2.741877831323215284e-09 -1.053717253756787069e-09 -1.608962089382413098e-09 -1.872683073371844619e-09 -2.125667565635309422e-09 -2.299273476837208190e-09 2.471669631331233678e-09 -2.540329313531552171e-09 2.279651832639252678e-09 -2.785544187510502061e-09 -2.945800455324732458e-09 -1.073647121219896087e-09 3.046112708303544190e-09 -1.937759117089132756e-09 -2.211836558809520075e-09 -2.406255202321181752e-09 -2.540329313531552171e-09 -2.725576731424478761e-09 -2.867415898846976758e-09 -3.017523632744203919e-09 -3.209044820090675415e-09 -1.092034904097662826e-09 -1.661490594866267313e-09 -1.997805641640523493e-09 -2.291395983392130016e-09 -2.505282230954966849e-09 2.279651832639252678e-09 -2.867415898846976758e-09 -3.033353794651657002e-09 -3.211269295043205793e-09 -3.439307099766310406e-09 -1.111343572447256846e-09 -1.704129728255718684e-09 -2.060860228124580387e-09 -2.374946122057046434e-09 -2.609316923146992275e-09 -2.785544187510502061e-09 -3.017523632744203919e-09 -3.211269295043205793e-09 -3.424110969141475091e-09 -3.701338020858209222e-09 -1.135940378998943278e-09 -1.758453056421159493e-09 -2.141197355911428041e-09 -2.481399983688957160e-09 -2.741877831323215284e-09 -2.945800455324732458e-09 -3.209044820090675415e-09 -3.439307099766310406e-09 -3.701338020858209222e-09 -4.058508748570719472e-09
-7.128452766911784319e-10 -9.192346329256134253e-10 -9.882448414709107050e-10 -1.030076861528990729e-09 -1.059641270025860504e-09 -1.083327703621660501e-09 -1.103404193387001847e-09 -1.121927259400628927e-09 -1.141377981373169592e-09 -1.166155552385879497e-09 -9.192346329256134253e-10 -1.283570081743725568e-09 -1.430562641368472969e-09 -1.522571729250314733e-09 2.895027129624925204e-09 -1.548724696669588308e-09 -1.592641966065095498e-09 -1.633161271634576146e-09 -1.675710144167464139e-09 -1.729918693508390940e-09 -9.882448414709107050e-10 -1.430562641368472969e-09 -1.541149709812231602e-09 -1.672811138768590954e-09 -1.768106098421801022e-09 -1.844860099466363667e-09 -1.909973674574547619e-09 -1.970054950497956692e-09 -2.033146040590575828e-09 -2.113529928467069032e-09 -1.030076861528990729e-09 -1.522571729250314733e-09 -1.672811138768590954e-09 -1.839514409498752526e-09 -2.057894190532097646e-09 -2.159750393113784923e-09 -2.246432724377836212e-09 -2.326467191646343182e-09 -2.410516313780726977e-09 -2.517605761049930930e-09 -1.059641270025860504e-09 2.895027129624925204e-09 -1.768106098421801022e-09 -2.057894190532097646e-09 -2.209082633190856985e-09 -2.334673208628809782e-09 2.290286266721980931e-09 2.214522072999410501e-09 -2.549582677426589152e-09 -2.682425718186520835e-09 -1.083327703621660501e-09 -1.548724696669588308e-09 -1.844860099466363667e-09 -2.159750393113784923e-09 -2.334673208628809782e-09 -2.386970464919897879e-09 -2.516057408641842988e-09 -2.636366647221563016e-09 -2.762992706306394200e-09 -2.924378084346788123e-09 -1.103404193387001847e-09 -1.592641966065095498e-09 -1.909973674574547619e-09 -2.246432724377836212e-09 2.290286266721980931e-09 -2.516057408641842988e-09 -2.667232673424473353e-09 1.911199586114655539e-09 -3.059874254347703705e-09 -3.253422630027021976e-09 -1.121927259400628927e-09 -1.633161271634576146e-09 -1.970054950497956692e-09 -2.326467191646343182e-09 2.214522072999410501e-09 -2.636366647221563016e-09 1.911199586114655539e-09 -3.076070111856017500e-09 -3.256138504807367571e-09 -3.486959211499984630e-09 -1.141377981373169592e-09 -1.675710144167464139e-09 -2.033146040590575828e-09 -2.410516313780726977e-09 -2.549582677426589152e-09 -2.762992706306394200e-09 -3.059874254347703705e-09 -3.256138504807367571e-09 -3.471897602611190854e-09 -3.753025650358850465e-09 -1.166155552385879497e-09 -1.729918693508390940e-09 -2.113529928467069032e-09 -2.517605761049930930e-09 -2.682425718186520835e-09 -2.924378084346788123e-09 -3.253422630027021976e-09 -3.486959211499984630e-09 -3.753025650358850465e-09 -4.116068933747326930e-09
-7.332599552731051721e-10 -8.274850203267133340e-10 -8.946540296604580435e-10 -9.353843440158882839e-10 -9.641701986656741811e-10 -9.872330087458557212e-10 -1.006780827962781007e-09 -1.024816101267432791e-09 -1.043754732035281224e-09 -1.067880503980078770e-09 -8.274850203267133340e-10 -1.307282545570818029e-09 -1.454589867509824960e-09 -1.419375684403519464e-09 -1.483905296536683954e-09 -1.535649447085590822e-09 -1.579511317401259227e-09 -1.619979508499779449e-09 -1.662474706109982207e-09 -1.716614967599859292e-09 -8.946540296604580435e-10 -1.454589867509824960e-09 -1.528202801299276390e-09 -1.659903414139734685e-09 -1.755260980283659069e-09 -1.832072509157366905e-09 -1.897236029471303222e-09 -1.957363513426415851e-09 -2.020503135583408220e-09 -2.100948980125798324e-09 -9.353843440158882839e-10 -1.419375684403519464e-09 -1.659903414139734685e-09 -1.826889140428425770e-09 -1.951350536715721372e-09 1.510662549816882291e-09 -2.273372341886941728e-09 -2.353788506638216578e-09 -2.438238590295661001e-09 -2.545838775717100649e-09 -9.641701986656741811e-10 -1.483905296536683954e-09 -1.755260980283659069e-09 -1.951350536715721372e-09 1.466552235329845503e-09 -2.227698159264304470e-09 -2.335408963511589553e-09 -2.435113024799091077e-09 -2.539863121836614547e-09 -2.673336263704025944e-09 -9.872330087458557212e-10 -1.535649447085590822e-09 -1.832072509157366905e-09 1.510662549816882291e-09 -2.227698159264304470e-09 -2.376655259951511003e-09 -2.506560119426976208e-09 -2.627653744158695438e-09 -2.755111063300095141e-09 -2.917556960396413184e-09 -1.006780827962781007e-09 -1.579511317401259227e-09 -1.897236029471303222e-09 -2.273372341886941728e-09 -2.335408963511589553e-09 -2.506560119426976208e-09 -2.658907689351581101e-09 -2.802863451502294658e-09 7.392685036298525855e-10 -3.289033396833312332e-09 -1.024816101267432791e-09 -1.619979508499779449e-09 -1.957363513426415851e-09 -2.353788506638216578e-09 -2.435113024799091077e-09 -2.627653744158695438e-09 -2.802863451502294658e-09 7.237520989373135762e-10 5.614862936253445529e-10 3.544944081455815069e-10 -1.043754732035281224e-09 -1.662474706109982207e-09 -2.020503135583408220e-09 -2.438238590295661001e-09 -2.539863121836614547e-09 -2.755111063300095141e-09 7.392685036298525855e-10 5.614862936253445529e-10 -3.370861422298542394e-09 1.058171322485103640e-10 -1.067880503980078770e-09 -1.716614967599859292e-09 -2.100948980125798324e-09 -2.545838775717100649e-09 -2.673336263704025944e-09 -2.917556960396413184e-09 -3.289033396833312332e-09 3.544944081455815069e-10 1.058171322485103640e-10 -4.164108550308674811e-09
-7.418307002256184000e-10 -8.321507470782091660e-10 -8.994168954231691662e-10 -9.402070986271749788e-10 -9.690354342640626081e-10 -9.921322979789933203e-10 -1.011708981239918530e-09 -1.029770886122064674e-09 -1.048737479784535356e-09 -1.072898842074870989e-09 -8.321507470782091660e-10 -1.317705409741521793e-09 -1.333348314265579620e-09 -1.424079766286072701e-09 -1.488598990264483408e-09 -1.540335535190571392e-09 -1.584191031871253280e-09 -1.624653348680230853e-09 -1.667142375526786278e-09 -1.721274730285460413e-09 -8.994168954231691662e-10 -1.333348314265579620e-09 -1.532901603174159649e-09 -1.664695368933244414e-09 -1.760150789709753045e-09 -1.837047675091300952e-09 -1.902284665609743542e-09 -1.962480066583309936e-09 -2.025691014862468748e-09 -2.106227707948762903e-09 -9.402070986271749788e-10 -1.424079766286072701e-09 -1.664695368933244414e-09 -1.831974072263829521e-09 -1.956740206798520184e-09 3.643129846382101389e-12 -2.285510239570256649e-09 -2.366188921638599941e-09 -2.450914816999864446e-09 -2.558866385546312884e-09 -9.690354342640626081e-10 -1.488598990264483408e-09 -1.760150789709753045e-09 -1.956740206798520184e-09 -4.348312014053693211e-11 -2.234165448317980488e-09 -2.342351804036722491e-09 -2.442502061427448903e-09 -2.547721965219270208e-09 -2.681793863254724028e-09 -9.921322979789933203e-10 -1.540335535190571392e-09 -1.837047675091300952e-09 3.643129846382101389e-12 -2.234165448317980488e-09 -2.383938213982062387e-09 -2.514613662355692546e-09 -2.636447356141760537e-09 -2.764689274633765856e-09 -2.928136062277186048e-09 -1.011708981239918530e-09 -1.584191031871253280e-09 -1.902284665609743542e-09 -2.285510239570256649e-09 -2.342351804036722491e-09 -2.514613662355692546e-09 -2.668065259034582048e-09 -2.813121638326572434e-09 -8.308612124649547738e-10 -3.308518627892327218e-09 -1.029770886122064674e-09 -1.624653348680230853e-09 -1.962480066583309936e-09 -2.366188921638599941e-09 -2.442502061427448903e-09 -2.636447356141760537e-09 -2.813121638326572434e-09 -8.463039600004083423e-10 -1.018876908285444209e-09 -1.238987658647798338e-09 -1.048737479784535356e-09 -1.667142375526786278e-09 -2.025691014862468748e-09 -2.450914816999864446e-09 -2.547721965219270208e-09 -2.764689274633765856e-09 -8.308612124649547738e-10 -1.018876908285444209e-09 -1.227228410861253692e-09 -3.821294407279526365e-09 -1.072898842074870989e-09 -1.721274730285460413e-09 -2.106227707948762903e-09 -2.558866385546312884e-09 -2.681793863254724028e-09 -2.928136062277186048e-09 -3.308518627892327218e-09 -1.238987658647798338e-09 -3.821294407279526365e-09 -4.195140252856940934e-09
-6.450736396230188556e-10 -8.466057243456899173e-10 -9.141384811986498071e-10 -9.550899737183740615e-10 -9.840323776567758057e-10 -1.007220646418200789e-09 -1.026874798262706961e-09 -1.045008181454810573e-09 -1.064049831911526021e-09 -1.088306709429493081e-09 -8.466057243456899173e-10 -1.310740850524700749e-09 -1.348690938329653791e-09 -1.439473327467628265e-09 -1.504033089718036193e-09 -1.555802770589398941e-09 -1.599686415189455110e-09 -1.640174711109797855e-09 -1.682691017011829581e-09 -1.736857997489402948e-09 -9.141384811986498071e-10 -1.348690938329653791e-09 -1.548286817550198877e-09 -1.680198035026168358e-09 -1.775765291603440264e-09 -1.852758248161991424e-09 -1.918077725636856028e-09 -1.978349360886342990e-09 -2.041640369790338860e-09 -2.122278948408732299e-09 -9.550899737183740615e-10 -1.439473327467628265e-09 -1.680198035026168358e-09 -1.847749599274890818e-09 -1.502907146386844949e-09 -2.190953416350169050e-09 -2.278464028268379248e-09 -2.359266711317235792e-09 -2.444122964951061831e-09 -2.552240726239149326e-09 -9.840323776567758057e-10 -1.504033089718036193e-09 -1.775765291603440264e-09 -1.502907146386844949e-09 -2.241145411421332747e-09 -1.784757362516166143e-09 -1.889559329027633009e-09 -1.989123467842013791e-09 -2.093313723499347576e-09 -2.700639209830961805e-09 -1.007220646418200789e-09 -1.555802770589398941e-09 -1.852758248161991424e-09 -2.190953416350169050e-09 -1.784757362516166143e-09 -2.401709577616225288e-09 -2.533088608259751163e-09 -2.655599780929644367e-09 -2.784560427735333132e-09 -2.948924056445274117e-09 -1.026874798262706961e-09 -1.599686415189455110e-09 -1.918077725636856028e-09 -2.278464028268379248e-09 -1.889559329027633009e-09 -2.533088608259751163e-09 -2.687554056721118691e-09 -2.953741636616699817e-09 -3.109093398366124639e-09 -3.307325790476662058e-09 -1.045008181454810573e-09 -1.640174711109797855e-09 -1.978349360886342990e-09 -2.359266711317235792e-09 -1.989123467842013791e-09 -2.655599780929644367e-09 -2.953741636616699817e-09 -3.126318001192489832e-09 -3.311615179361956116e-09 -3.549216954183644342e-09 -1.064049831911526021e-09 -1.682691017011829581e-09 -2.041640369790338860e-09 -2.444122964951061831e-09 -2.093313723499347576e-09 -2.784560427735333132e-09 -3.109093398366124639e-09 -3.311615179361956116e-09 -3.534751397338994764e-09 -3.825829357073342198e-09 -1.088306709429493081e-09 -1.736857997489402948e-09 -2.122278948408732299e-09 -2.552240726239149326e-09 -2.700639209830961805e-09 -2.948924056445274117e-09 -3.307325790476662058e-09 -3.549216954183644342e-09 -3.825829357073342198e-09 -4.204510275752978454e-09
-6.577391512592960249e-10 -8.608092643115032290e-10 -9.286697477601911316e-10 -9.698187450209640242e-10 -9.989007736599564194e-10 -1.022200910694691266e-09 -1.041949879488211349e-09 -1.060170743654609738e-09 -1.079304259154819254e-09 -1.103678072868668923e-09 -8.608092643115032290e-10 -1.286356194345054313e-09 -1.432879390225191743e-09 -2.270398025742923715e-09 -2.344329973537860558e-09 -1.571329524073565205e-09 -1.615245261622229559e-09 -1.655763172820630815e-09 -1.698310580233929779e-09 -1.752517057618943853e-09 -9.286697477601911316e-10 -1.432879390225191743e-09 -1.563677151011710176e-09 -1.695666882909623476e-09 -1.791315230999715623e-09 -1.868379096894314652e-09 -1.933759672303478935e-09 -1.994087798526350658e-09 -2.057438139669542862e-09 -2.138152190065045905e-09 -9.698187450209640242e-10 -2.270398025742923715e-09 -1.695666882909623476e-09 -2.720637773756254477e-09 -2.061871347496561090e-09 -2.164644838615400710e-09 -2.252132370017381306e-09 -2.332914996135856688e-09 -2.417750333940448423e-09 -2.525841680833887470e-09 -9.989007736599564194e-10 -2.344329973537860558e-09 -1.791315230999715623e-09 -2.061871347496561090e-09 -2.214972295917036251e-09 -2.342424486817563428e-09 -2.451891136754434868e-09 -2.553249124908877968e-09 -2.659737608098059546e-09 -2.795425718674348039e-09 -1.022200910694691266e-09 -1.571329524073565205e-09 -1.868379096894314652e-09 -2.164644838615400710e-09 -2.342424486817563428e-09 -2.494113571220241293e-09 -2.626597281865742567e-09 -2.750157540775355829e-09 -2.880221648143517518e-09 -3.045992873936662870e-09 -1.041949879488211349e-09 -1.615245261622229559e-09 -1.933759672303478935e-09 -2.252132370017381306e-09 -2.451891136754434868e-09 -2.626597281865742567e-09 -2.782487105511725568e-09 -2.929908836831031855e-09 -3.086036484818620573e-09 -3.285264907989181047e-09 -1.060170743654609738e-09 -1.655763172820630815e-09 -1.994087798526350658e-09 -2.332914996135856688e-09 -2.553249124908877968e-09 -2.750157540775355829e-09 -2.929908836831031855e-09 -3.103578376442012431e-09 -3.290122243818001277e-09 -3.529351476791610830e-09 -1.079304259154819254e-09 -1.698310580233929779e-09 -2.057438139669542862e-09 -2.417750333940448423e-09 -2.659737608098059546e-09 -2.880221648143517518e-09 -3.086036484818620573e-09 -3.290122243818001277e-09 -3.515162013940144720e-09 -3.808846344824877890e-09 -1.103678072868668923e-09 -1.752517057618943853e-09 -2.138152190065045905e-09 -2.525841680833887470e-09 -2.795425718674348039e-09 -3.045992873936662870e-09 -3.285264907989181047e-09 -3.529351476791610830e-09 -3.808846344824877890e-09 -4.191928450920211901e-09
-6.658029219963273028e-10 -8.702971363176047689e-10 -2.357175504048864362e-09 -9.991963593810587366e-10 -1.028715558506258857e-09 -1.052365857750975241e-09 -1.072411724228767147e-09 -1.090906517351084076e-09 -1.110327565494248316e-09 -1.135067596104880890e-09 -8.702971363176047689e-10 -1.251074218362982357e-09 -1.396766253973153592e-09 -1.488100060377087776e-09 -1.553064809744576278e-09 -1.605158042191770773e-09 -1.649316450757084865e-09 -1.690058259884216177e-09 -1.732840598046608196e-09 -1.787346287840217619e-09 -2.357175504048864362e-09 -1.396766253973153592e-09 -1.574074554669576344e-09 -3.357479263832477790e-09 -1.825524360373495728e-09 -1.902886960299116714e-09 -1.968522214802899181e-09 -2.029085229786679756e-09 -2.092682018253244518e-09 -2.173709999364298809e-09 -9.991963593810587366e-10 -1.488100060377087776e-09 -3.357479263832477790e-09 -1.897849615593267644e-09 -2.023510107014673373e-09 -2.126096845202574709e-09 -2.213432076010579496e-09 -2.294075359168248813e-09 -2.378764516840997279e-09 -2.486669926989391328e-09 -1.028715558506258857e-09 -1.553064809744576278e-09 -1.825524360373495728e-09 -2.023510107014673373e-09 -2.176488853077482707e-09 -2.303912404278254744e-09 -2.413379424778474845e-09 -2.514744597519233398e-09 -2.621241750778761675e-09 -2.756941362914347192e-09 -1.052365857750975241e-09 -1.605158042191770773e-09 -1.902886960299116714e-09 -2.126096845202574709e-09 -2.303912404278254744e-09 -2.455772465424043190e-09 -2.588471438548579742e-09 -2.712256432582376725e-09 -2.842563365745419343e-09 -3.008645434202773644e-09 -1.072411724228767147e-09 -1.649316450757084865e-09 -1.968522214802899181e-09 -2.213432076010579496e-09 -2.413379424778474845e-09 -2.588471438548579742e-09 -2.744833453654897315e-09 -2.892764654389702010e-09 -3.049456879167302188e-09 -3.249412015555949157e-09 -1.090906517351084076e-09 -1.690058259884216177e-09 -2.029085229786679756e-09 -2.294075359168248813e-09 -2.514744597519233398e-09 -2.712256432582376725e-09 -2.892764654389702010e-09 -3.067298943273167518e-09 -3.254847237252756473e-09 -3.495394629340469470e-09 -1.110327565494248316e-09 -1.732840598046608196e-09 -2.092682018253244518e-09 -2.378764516840997279e-09 -2.621241750778761675e-09 -2.842563365745419343e-09 -3.049456879167302188e-09 -3.254847237252756473e-09 -3.481512645308769567e-09 -3.777446693277274655e-09 -1.135067596104880890e-09 -1.787346287840217619e-09 -2.173709999364298809e-09 -2.486669926989391328e-09 -2.756941362914347192e-09 -3.008645434202773644e-09 -3.249412015555949157e-09 -3.495394629340469470e-09 -3.777446693277274655e-09 -4.164508181826309206e-09
-6.497987912636678539e-10 -8.552771650802146545e-10 -9.236262520970795471e-10 -9.650637876451819255e-10 -9.943504910541522468e-10 -1.017814543912575240e-09 -1.037702551487319783e-09 -1.056051690622400233e-09 -1.075319797534845337e-09 -1.099865233176718794e-09 -8.552771650802146545e-10 -1.235530149115673014e-09 -1.360070501260392876e-09 -1.450845247307906312e-09 -1.515417560328265398e-09 -1.567196849631933532e-09 -1.611089219748294219e-09 -1.651585569285858163e-09 -1.694110162192880148e-09 -1.748287730058357994e-09 -9.236262520970795471e-10 -1.360070501260392876e-09 -1.559140245735215717e-09 -1.691045958988434689e-09 -1.786609410432483891e-09 -1.863625331542002165e-09 -1.928967573456713685e-09 -1.989260341474800248e-09 -2.052573364212042300e-09 -2.133240075697687132e-09 -9.650637876451819255e-10 -1.450845247307906312e-09 -1.691045958988434689e-09 -1.858738415343468764e-09 -1.984011132784540914e-09 -2.086310223278962718e-09 -2.173407180561060164e-09 -2.253831734327719955e-09 -2.338291342000544967e-09 -2.445904584132201154e-09 -9.943504910541522468e-10 -1.515417560328265398e-09 -1.786609410432483891e-09 -1.984011132784540914e-09 -2.136709288001744740e-09 -2.263971068764308797e-09 -2.373324008367122006e-09 -2.474590414832181308e-09 -2.580984934273251186e-09 -2.716554217576791222e-09 -1.017814543912575240e-09 -1.567196849631933532e-09 -1.863625331542002165e-09 -2.086310223278962718e-09 -2.263971068764308797e-09 -2.415837909472306125e-09 -2.548608832242130033e-09 -2.672485111710078120e-09 -2.802894497393689354e-09 -2.969108508941936401e-09 -1.037702551487319783e-09 -1.611089219748294219e-09 -1.928967573456713685e-09 -2.173407180561060164e-09 -2.373324008367122006e-09 -2.548608832242130033e-09 -2.705271507140059854e-09 -2.853550860645424258e-09 -3.010637341793569929e-09 -3.211101986433762348e-09 -1.056051690622400233e-09 -1.651585569285858163e-09 -1.989260341474800248e-09 -2.253831734327719955e-09 -2.474590414832181308e-09 -2.672485111710078120e-09 -2.853550860645424258e-09 -3.028759742530931833e-09 -3.217110075995879023e-09 -3.458716913213987432e-09 -1.075319797534845337e-09 -1.694110162192880148e-09 -2.052573364212042300e-09 -2.338291342000544967e-09 -2.580984934273251186e-09 -2.802894497393689354e-09 -3.010637341793569929e-09 -3.217110075995879023e-09 -3.445161371190719279e-09 -3.743036440423331385e-09 -1.099865233176718794e-09 -1.748287730058357994e-09 -2.133240075697687132e-09 -2.445904584132201154e-09 -2.716554217576791222e-09 -2.969108508941936401e-09 -3.211101986433762348e-09 -3.458716913213987432e-09 -3.743036440423331385e-09 -4.133698229245866134e-09
