6.370909710483487509e-09 7.946196040908764879e-09 8.432482453243725676e-09 8.725783775683575436e-09 8.932971259908615821e-09 9.098961094967286038e-09 9.239651459336845091e-09 9.369456087203733497e-09 9.505762424227396773e-09 9.679384410138044995e-09 7.946196040908764879e-09 1.039137266649365787e-08 1.123178295469526945e-08 1.174518718748421841e-08 8.271188852806431808e-09 1.261997967279007407e-08 1.286807439283386341e-08 1.309697286197203666e-08 1.333733492741930168e-08 1.364353023017402218e-08 8.432482453243725676e-09 1.123178295469526945e-08 1.247841527724671907e-08 1.312262590571237628e-08 1.358132197220532957e-08 1.394937989901719863e-08 1.426141575587328721e-08 1.454931373052937279e-08 1.485163075532325482e-08 1.523676678869387155e-08 8.725783775683575436e-09 1.174518718748421841e-08 1.312262590571237628e-08 1.386231327241536714e-08 1.439440943104009925e-08 1.482302219523606527e-08 1.518672120298904633e-08 1.552233909637934330e-08 1.587477145285537352e-08 1.632376455451882285e-08 8.932971259908615821e-09 8.271188852806431808e-09 1.358132197220532957e-08 1.439440943104009925e-08 1.498647184086807661e-08 1.546643398496519202e-08 1.587469979148658282e-08 1.625170129738318563e-08 1.664762773825428763e-08 1.715204514770012753e-08 9.098961094967286038e-09 1.261997967279007407e-08 1.394937989901719863e-08 1.482302219523606527e-08 1.546643398496519202e-08 1.599225967242535221e-08 1.644169920265219515e-08 1.685750563831715569e-08 1.729437487656343341e-08 1.785099071662200996e-08 9.239651459336845091e-09 1.286807439283386341e-08 1.426141575587328721e-08 1.518672120298904633e-08 1.587469979148658282e-08 1.644169920265219515e-08 1.692950207285665897e-08 1.738248721945859626e-08 1.785910601994866685e-08 1.846652829962706996e-08 9.369456087203733497e-09 1.309697286197203666e-08 1.454931373052937279e-08 1.552233909637934330e-08 1.625170129738318563e-08 1.685750563831715569e-08 1.738248721945859626e-08 1.787291724574176178e-08 1.839075034412223790e-08 1.905142175248177107e-08 9.505762424227396773e-09 1.333733492741930168e-08 1.485163075532325482e-08 1.587477145285537352e-08 1.664762773825428763e-08 1.729437487656343341e-08 1.785910601994866685e-08 1.839075034412223790e-08 1.895592378399979909e-08 1.967985101020196626e-08 9.679384410138044995e-09 1.364353023017402218e-08 1.523676678869387155e-08 1.632376455451882285e-08 1.715204514770012753e-08 1.785099071662200996e-08 1.846652829962706996e-08 1.905142175248177107e-08 1.967985101020196626e-08 2.049418706075850194e-08
6.343196854118648907e-09 7.948167599434961119e-09 8.445517350766489537e-09 8.745521214954420221e-09 8.957444858831154684e-09 9.127229152618162983e-09 9.271135719896176280e-09 9.403907659639647415e-09 9.543329929071513197e-09 9.720922466620085849e-09 7.948167599434961119e-09 1.045643116741877803e-08 1.157462813972839458e-08 1.210736405072879068e-08 1.248445034243361841e-08 1.278662112992366292e-08 1.304274474767020305e-08 1.327905085351494833e-08 1.352719157885227812e-08 1.384329819282882324e-08 8.445517350766489537e-09 1.157462813972839458e-08 1.264343862393559629e-08 1.331095816471986257e-08 1.378635911674130725e-08 1.416783920591850035e-08 1.449125663011325834e-08 1.478965591510668695e-08 1.510300025446139919e-08 1.550218707121144176e-08 8.745521214954420221e-09 1.210736405072879068e-08 1.331095816471986257e-08 1.407913819428498029e-08 1.463200071962210733e-08 1.507740986781860105e-08 1.545537407918299757e-08 1.580415769483479251e-08 1.617041561623103261e-08 1.663702515441329900e-08 8.957444858831154684e-09 1.248445034243361841e-08 1.378635911674130725e-08 1.463200071962210733e-08 1.524824977662908267e-08 1.574797823756060680e-08 1.617310082240161039e-08 1.656567829597454467e-08 1.697796405055134981e-08 1.750322678667391929e-08 9.127229152618162983e-09 1.278662112992366292e-08 1.416783920591850035e-08 1.507740986781860105e-08 1.574797823756060680e-08 1.629628173222688845e-08 1.676504160190520037e-08 1.719875662442555742e-08 1.765444914090345894e-08 1.823505215987053457e-08 9.271135719896176280e-09 1.304274474767020305e-08 1.449125663011325834e-08 1.545537407918299757e-08 1.617310082240161039e-08 1.676504160190520037e-08 1.727450379717540468e-08 1.774768743251859817e-08 1.824558757159898954e-08 1.888014123298338984e-08 9.403907659639647415e-09 1.327905085351494833e-08 1.478965591510668695e-08 1.580415769483479251e-08 1.656567829597454467e-08 1.719875662442555742e-08 1.774768743251859817e-08 1.826066345367073634e-08 1.880238733334878357e-08 1.949357226669131282e-08 9.543329929071513197e-09 1.352719157885227812e-08 1.510300025446139919e-08 1.617041561623103261e-08 1.697796405055134981e-08 1.765444914090345894e-08 1.824558757159898954e-08 1.880238733334878357e-08 1.939450509387803168e-08 2.015306875200333196e-08 9.720922466620085849e-09 1.384329819282882324e-08 1.550218707121144176e-08 1.663702515441329900e-08 1.750322678667391929e-08 1.823505215987053457e-08 1.888014123298338984e-08 1.949357226669131282e-08 2.015306875200333196e-08 2.100808511497612244e-08
6.294658899765394948e-09 8.185358193541062960e-09 8.697945420948312945e-09 9.007165230411034399e-09 9.225601263750060010e-09 9.400602270679203340e-09 9.548931880091021432e-09 9.685784596123539493e-09 9.829490816053046983e-09 1.001254070645764773e-08 8.185358193541062960e-09 1.077376819518979745e-08 1.167209456017945312e-08 1.222121324882348781e-08 1.260992317573364138e-08 1.292141083335852216e-08 1.318543177430934573e-08 1.342902411954221816e-08 1.368481603238297024e-08 1.401067179336727555e-08 8.697945420948312945e-09 1.167209456017945312e-08 1.277704091256533738e-08 1.346782864989218961e-08 1.395991965168528352e-08 1.435481240599528754e-08 1.468960366718352056e-08 1.499849715520426491e-08 1.532286135337194115e-08 1.573608972928093296e-08 9.007165230411034399e-09 1.222121324882348781e-08 1.346782864989218961e-08 1.426467029557106139e-08 1.483845639526692232e-08 1.530079777008640701e-08 1.569314418677068203e-08 1.605520176606345156e-08 1.643539895042189045e-08 1.691977009022198381e-08 9.225601263750060010e-09 1.260992317573364138e-08 1.395991965168528352e-08 1.483845639526692232e-08 1.547920451719803107e-08 1.599897413886886614e-08 1.644119331821613028e-08 1.684956965318768075e-08 1.727844901829552301e-08 1.782485594622189428e-08 9.400602270679203340e-09 1.292141083335852216e-08 1.435481240599528754e-08 1.530079777008640701e-08 1.599897413886886614e-08 1.657016339125485594e-08 1.705860760162678111e-08 1.751057294664784639e-08 1.798544892864763803e-08 1.859049858063304147e-08 9.548931880091021432e-09 1.318543177430934573e-08 1.468960366718352056e-08 1.569314418677068203e-08 1.644119331821613028e-08 1.705860760162678111e-08 1.759021594698089585e-08 1.808406284941963621e-08 1.860373784525913907e-08 1.926605320020510011e-08 9.685784596123539493e-09 1.342902411954221816e-08 1.499849715520426491e-08 1.605520176606345156e-08 1.684956965318768075e-08 1.751057294664784639e-08 1.808406284941963621e-08 1.862018089008875208e-08 1.918643823578860574e-08 1.990896172438531672e-08 9.829490816053046983e-09 1.368481603238297024e-08 1.532286135337194115e-08 1.643539895042189045e-08 1.727844901829552301e-08 1.798544892864763803e-08 1.860373784525913907e-08 1.918643823578860574e-08 1.980632475498188939e-08 2.060060071760339315e-08 1.001254070645764773e-08 1.401067179336727555e-08 1.573608972928093296e-08 1.691977009022198381e-08 1.782485594622189428e-08 1.859049858063304147e-08 1.926605320020510011e-08 1.990896172438531672e-08 2.060060071760339315e-08 2.149775999362443058e-08
6.228681461753358130e-09 8.154722999625520723e-09 8.677030944111008048e-09 8.992150581637682692e-09 9.214756146775199310e-09 9.393097708148069677e-09 9.544258760955183235e-09 9.683723802143728416e-09 9.830173202543859937e-09 1.001671895661898532e-08 8.154722999625520723e-09 1.080066810476652106e-08 1.172464230282246357e-08 1.228971989016704060e-08 1.268975727445267257e-08 1.301032481634199823e-08 1.328204223973693570e-08 1.353273551834298771e-08 1.379598403886391454e-08 1.413134138850033552e-08 8.677030944111008048e-09 1.172464230282246357e-08 1.286528271114310770e-08 1.357916073220002231e-08 1.408783190447395640e-08 1.449605194554663040e-08 1.484214502550936473e-08 1.516146629535556349e-08 1.549678061423529455e-08 1.592396208170881023e-08 8.992150581637682692e-09 1.228971989016704060e-08 1.357916073220002231e-08 1.440470935430492727e-08 1.499949360309871389e-08 1.547883784609554664e-08 1.588562834750899580e-08 1.626101728715507263e-08 1.665521404495598711e-08 1.715742404410824037e-08 9.214756146775199310e-09 1.268975727445267257e-08 1.408783190447395640e-08 1.499949360309871389e-08 1.566498297028673555e-08 1.620501458012563570e-08 1.666452481179541825e-08 1.708888112728137134e-08 1.753454454792371124e-08 1.810233877906653796e-08 9.393097708148069677e-09 1.301032481634199823e-08 1.449605194554663040e-08 1.547883784609554664e-08 1.620501458012563570e-08 1.679945403255951591e-08 1.730791069378852693e-08 1.777843527110355727e-08 1.827282052053748999e-08 1.890273258134809434e-08 9.544258760955183235e-09 1.328204223973693570e-08 1.484214502550936473e-08 1.588562834750899580e-08 1.666452481179541825e-08 1.730791069378852693e-08 1.786212502015817799e-08 1.837707591120544428e-08 1.891899438463761861e-08 1.960967022591890278e-08 9.683723802143728416e-09 1.353273551834298771e-08 1.516146629535556349e-08 1.626101728715507263e-08 1.708888112728137134e-08 1.777843527110355727e-08 1.837707591120544428e-08 1.893691714766017272e-08 1.952833621086135049e-08 2.028300544019754541e-08 9.830173202543859937e-09 1.379598403886391454e-08 1.549678061423529455e-08 1.665521404495598711e-08 1.753454454792371124e-08 1.827282052053748999e-08 1.891899438463761861e-08 1.952833621086135049e-08 2.017681428601000148e-08 2.100787836476122532e-08 1.001671895661898532e-08 1.413134138850033552e-08 1.592396208170881023e-08 1.715742404410824037e-08 1.810233877906653796e-08 1.890273258134809434e-08 1.960967022591890278e-08 2.028300544019754541e-08 2.100787836476122532e-08 2.194867113607018296e-08
6.156852672325355244e-09 8.080076530938784781e-09 8.610982465027938124e-09 8.931329090929064335e-09 9.157629120954198077e-09 9.338930653020589314e-09 9.492600570967515043e-09 9.634380310223590966e-09 9.783260365859613389e-09 9.972904127580810785e-09 8.080076530938784781e-09 1.077886974016686311e-08 1.172753367682017854e-08 1.230802075850621845e-08 1.271900073447346158e-08 1.304834014387090319e-08 1.332749300766024418e-08 1.358504636828459874e-08 1.385549859156271882e-08 1.420003568818099978e-08 8.610982465027938124e-09 1.172753367682017854e-08 1.290319694503937029e-08 1.363984759752355966e-08 1.416489072405198164e-08 1.458627416915243362e-08 1.494353056379538714e-08 1.527315185771805845e-08 1.561928215342692875e-08 1.606024621491238423e-08 8.931329090929064335e-09 1.230802075850621845e-08 1.363984759752355966e-08 1.449400050902433777e-08 1.510975535646799147e-08 1.560609267664242031e-08 1.602732134573075960e-08 1.641603656837262485e-08 1.682422761640169658e-08 1.734427019038287702e-08 9.157629120954198077e-09 1.271900073447346158e-08 1.416489072405198164e-08 1.510975535646799147e-08 1.580012729019321309e-08 1.636056492786148319e-08 1.683749720556607865e-08 1.727795649586880389e-08 1.774053342959345844e-08 1.832988040602491321e-08 9.338930653020589314e-09 1.304834014387090319e-08 1.458627416915243362e-08 1.560609267664242031e-08 1.636056492786148319e-08 1.697854981390399764e-08 1.750729296565086180e-08 1.799663720912105172e-08 1.851080682947877224e-08 1.916593253408202601e-08 9.492600570967515043e-09 1.332749300766024418e-08 1.494353056379538714e-08 1.602732134573075960e-08 1.683749720556607865e-08 1.750729296565086180e-08 1.808453132975127520e-08 1.862099155794032663e-08 1.918558565919666186e-08 1.990517445365710984e-08 9.634380310223590966e-09 1.358504636828459874e-08 1.527315185771805845e-08 1.641603656837262485e-08 1.727795649586880389e-08 1.799663720912105172e-08 1.862099155794032663e-08 1.920511645343342206e-08 1.982230551378093507e-08 2.060990272774391999e-08 9.783260365859613389e-09 1.385549859156271882e-08 1.561928215342692875e-08 1.682422761640169658e-08 1.774053342959345844e-08 1.851080682947877224e-08 1.918558565919666186e-08 1.982230551378093507e-08 2.050019745584586655e-08 2.136912672835396799e-08 9.972904127580810785e-09 1.420003568818099978e-08 1.606024621491238423e-08 1.734427019038287702e-08 1.832988040602491321e-08 1.916593253408202601e-08 1.990517445365710984e-08 2.060990272774391999e-08 2.136912672835396799e-08 2.235508315061348995e-08
6.090884063023485608e-09 7.964046799257303718e-09 8.502410820984972490e-09 8.827301269550586963e-09 9.056813408485627065e-09 9.240688487191622517e-09 9.396539741547502290e-09 9.540331985528868604e-09 9.691325375324479428e-09 9.883663154151571870e-09 7.964046799257303718e-09 1.071083827696578156e-08 1.168316075921630932e-08 1.227846436151017268e-08 1.269997137419961669e-08 1.303775005298742689e-08 1.332405648012952742e-08 1.358820984982717934e-08 1.386559268570117470e-08 1.421896194409874801e-08 8.502410820984972490e-09 1.168316075921630932e-08 1.289308392956088769e-08 1.084430890449753176e-08 1.419330569553009128e-08 1.462765879794781200e-08 1.499591469027205327e-08 1.533568489609149513e-08 1.569247249951673716e-08 1.614701738420897439e-08 8.827301269550586963e-09 1.227846436151017268e-08 1.084430890449753176e-08 1.453473315298176203e-08 1.517139133803140345e-08 1.568468024670787342e-08 1.612031425840321519e-08 1.652232584294975381e-08 1.694447980703349372e-08 1.748231540322827609e-08 9.056813408485627065e-09 1.269997137419961669e-08 1.419330569553009128e-08 1.517139133803140345e-08 1.588674632131323702e-08 1.646770130065132668e-08 1.696215857850916035e-08 1.741881785689200038e-08 1.789841046446830395e-08 1.850944082326821218e-08 9.240688487191622517e-09 1.303775005298742689e-08 1.462765879794781200e-08 1.568468024670787342e-08 1.646770130065132668e-08 1.710949264506741969e-08 1.765876630347995491e-08 1.816716256085108219e-08 1.870136210005388035e-08 1.938201499789760725e-08 9.396539741547502290e-09 1.332405648012952742e-08 1.499591469027205327e-08 1.612031425840321519e-08 1.696215857850916035e-08 1.765876630347995491e-08 1.825941392808596429e-08 1.881775764156126204e-08 1.940542657419913924e-08 2.015443879649880645e-08 9.540331985528868604e-09 1.358820984982717934e-08 1.533568489609149513e-08 1.652232584294975381e-08 1.741881785689200038e-08 1.816716256085108219e-08 1.881775764156126204e-08 1.942669185477821979e-08 2.007022242093057304e-08 2.089148323256952865e-08 9.691325375324479428e-09 1.386559268570117470e-08 1.569247249951673716e-08 1.694447980703349372e-08 1.789841046446830395e-08 1.870136210005388035e-08 1.940542657419913924e-08 2.007022242093057304e-08 2.077831045725134289e-08 2.168613250206518278e-08 9.883663154151571870e-09 1.421896194409874801e-08 1.614701738420897439e-08 1.748231540322827609e-08 1.850944082326821218e-08 1.938201499789760725e-08 2.015443879649880645e-08 2.089148323256952865e-08 2.168613250206518278e-08 2.271873477822562973e-08
6.091554023329059347e-09 7.812643352523494631e-09 8.357366924931411746e-09 8.686142932375897200e-09 8.918402419908437476e-09 9.104478716256842357e-09 9.262195724693290123e-09 9.407709304307982022e-09 9.560510281794661096e-09 9.755152783349892617e-09 7.812643352523494631e-09 1.060265768921479810e-08 1.159759360039288781e-08 1.220711328508085411e-08 1.263872663376202562e-08 1.298460784960659459e-08 1.327778245637029242e-08 1.354827252915378130e-08 1.383230949060163884e-08 1.006117116076773167e-08 8.357366924931411746e-09 1.159759360039288781e-08 1.278872027217344046e-08 1.357004545618274545e-08 1.412735643219322672e-08 1.457468962705657173e-08 1.495395018560503251e-08 1.530387447177277323e-08 1.567132659159366127e-08 1.613946121706200095e-08 8.686142932375897200e-09 1.220711328508085411e-08 1.357004545618274545e-08 1.453291329692905458e-08 1.519039394306230853e-08 1.572058123920312445e-08 1.617057770910465696e-08 1.658584644414700427e-08 1.702192219249991054e-08 1.757749877075605450e-08 8.918402419908437476e-09 1.263872663376202562e-08 1.412735643219322672e-08 1.519039394306230853e-08 1.593081445416028182e-08 1.653238173116039294e-08 1.704445271421710127e-08 1.751739580770066875e-08 1.801409240796569773e-08 1.864691909575293760e-08 9.104478716256842357e-09 1.298460784960659459e-08 1.457468962705657173e-08 1.572058123920312445e-08 1.653238173116039294e-08 1.719821909091319754e-08 1.776824828894908085e-08 1.829591137216931182e-08 1.885036804313599811e-08 1.955683828364327177e-08 9.262195724693290123e-09 1.327778245637029242e-08 1.495395018560503251e-08 1.617057770910465696e-08 1.704445271421710127e-08 1.776824828894908085e-08 1.839266710834308866e-08 1.897324734125426818e-08 1.958436857847758126e-08 2.036328707249466865e-08 9.407709304307982022e-09 1.354827252915378130e-08 1.530387447177277323e-08 1.658584644414700427e-08 1.751739580770066875e-08 1.829591137216931182e-08 1.897324734125426818e-08 1.960749328035243376e-08 2.027791397934218697e-08 2.113354537893222582e-08 9.560510281794661096e-09 1.383230949060163884e-08 1.567132659159366127e-08 1.702192219249991054e-08 1.801409240796569773e-08 1.885036804313599811e-08 1.958436857847758126e-08 2.027791397934218697e-08 2.101695875208399696e-08 2.196467611107449534e-08 9.755152783349892617e-09 1.006117116076773167e-08 1.613946121706200095e-08 1.757749877075605450e-08 1.864691909575293760e-08 1.955683828364327177e-08 2.036328707249466865e-08 2.113354537893222582e-08 2.196467611107449534e-08 2.304539228216452672e-08
5.907318484733338063e-09 7.635768234820894392e-09 8.185844281415823815e-09 8.517902515436928233e-09 8.752483386060198256e-09 8.940419648943908650e-09 9.099713170234848631e-09 9.246681222085695195e-09 9.401009561521380041e-09 9.597599924176931719e-09 7.635768234820894392e-09 1.046450479173396664e-08 1.148103916671124415e-08 1.210419189115334009e-08 1.254550316824308617e-08 1.289916006359352963e-08 8.568817445322304598e-09 1.357727173426082041e-08 1.386851822848479017e-08 1.423955415533196961e-08 8.185844281415823815e-09 1.148103916671124415e-08 1.285647175683484792e-08 1.366087534328723561e-08 1.423483124277053547e-08 1.469555487505398645e-08 1.508617223635910981e-08 1.544657523723776488e-08 1.582503097369316278e-08 1.630718701248684896e-08 8.517902515436928233e-09 1.210419189115334009e-08 1.366087534328723561e-08 9.816285656400994153e-09 1.517695628620170936e-08 1.572398749496273149e-08 1.618830280213611420e-08 1.661678885570110963e-08 1.706674460882424155e-08 1.764000921351389857e-08 8.752483386060198256e-09 1.254550316824308617e-08 1.423483124277053547e-08 1.517695628620170936e-08 1.594252347845170800e-08 1.656480134347663380e-08 1.709457883032637350e-08 1.758389366772662661e-08 1.809778694173118007e-08 1.875252837938847012e-08 8.940419648943908650e-09 1.289916006359352963e-08 1.469555487505398645e-08 1.572398749496273149e-08 1.656480134347663380e-08 1.241035460304966321e-08 1.297226997647368834e-08 1.349347101354348612e-08 1.907846579194262234e-08 1.981220036090869827e-08 9.099713170234848631e-09 8.568817445322304598e-09 1.508617223635910981e-08 1.618830280213611420e-08 1.709457883032637350e-08 1.297226997647368834e-08 1.849453354684380358e-08 1.909772902546031120e-08 1.973270850739428343e-08 2.054205252085219566e-08 9.246681222085695195e-09 1.357727173426082041e-08 1.544657523723776488e-08 1.661678885570110963e-08 1.758389366772662661e-08 1.349347101354348612e-08 1.909772902546031120e-08 1.975783117593707421e-08 2.045573881080151382e-08 2.134650974984761437e-08 9.401009561521380041e-09 1.386851822848479017e-08 1.582503097369316278e-08 1.706674460882424155e-08 1.809778694173118007e-08 1.907846579194262234e-08 1.973270850739428343e-08 2.045573881080151382e-08 2.122657353585441840e-08 2.221528303104248527e-08 9.597599924176931719e-09 1.423955415533196961e-08 1.630718701248684896e-08 1.764000921351389857e-08 1.875252837938847012e-08 1.981220036090869827e-08 2.054205252085219566e-08 2.134650974984761437e-08 2.221528303104248527e-08 2.334572179344135447e-08
5.716106503799232844e-09 7.448884089525966621e-09 8.003480285944019132e-09 8.338322480600171329e-09 8.574872978646742673e-09 8.764387405895705998e-09 8.925018586802903902e-09 9.073220741047208806e-09 9.228845035133650820e-09 9.427088468650396484e-09 7.448884089525966621e-09 1.031245029904685755e-08 1.134968186542668620e-08 1.198595301116667076e-08 8.118017806504163524e-09 1.303427295069256485e-08 1.334183293503637235e-08 1.362559529006925082e-08 1.392357087832679262e-08 1.430318174042831590e-08 8.003480285944019132e-09 1.134968186542668620e-08 1.289275433395970596e-08 1.371971330626487673e-08 1.430996321004314585e-08 1.478379936713564854e-08 1.518553841273483883e-08 1.555620324602489414e-08 1.594543485405109917e-08 1.644132236528822419e-08 8.338322480600171329e-09 1.198595301116667076e-08 1.371971330626487673e-08 1.468956326910035648e-08 1.514748555534573578e-08 1.571133454743847721e-08 1.618994925207142495e-08 1.663163513834194306e-08 1.709545257956570790e-08 1.768638200915769640e-08 8.574872978646742673e-09 8.118017806504163524e-09 1.430996321004314585e-08 1.514748555534573578e-08 1.593831436488118135e-08 1.658142984685933774e-08 1.257047154913267796e-08 1.305323742979377914e-08 1.841780890346637333e-08 1.909648878357435499e-08 8.764387405895705998e-09 1.303427295069256485e-08 1.478379936713564854e-08 1.571133454743847721e-08 1.658142984685933774e-08 1.754535537788916452e-08 1.815919091611387901e-08 1.872751183071947019e-08 1.932473058109428697e-08 2.008569655343405723e-08 8.925018586802903902e-09 1.334183293503637235e-08 1.518553841273483883e-08 1.618994925207142495e-08 1.257047154913267796e-08 1.815919091611387901e-08 1.883384947990060806e-08 1.456591594204719612e-08 1.986706649379098199e-08 2.070739360084825168e-08 9.073220741047208806e-09 1.362559529006925082e-08 1.555620324602489414e-08 1.663163513834194306e-08 1.305323742979377914e-08 1.872751183071947019e-08 1.456591594204719612e-08 1.989432636051175826e-08 2.062034860796081000e-08 2.154706700698659161e-08 9.228845035133650820e-09 1.392357087832679262e-08 1.594543485405109917e-08 1.709545257956570790e-08 1.841780890346637333e-08 1.932473058109428697e-08 1.986706649379098199e-08 2.062034860796081000e-08 2.142383660991699358e-08 2.245467357302185513e-08 9.427088468650396484e-09 1.430318174042831590e-08 1.644132236528822419e-08 1.768638200915769640e-08 1.909648878357435499e-08 2.008569655343405723e-08 2.070739360084825168e-08 2.154706700698659161e-08 2.245467357302185513e-08 2.363648664171455314e-08
5.534937173756639846e-09 7.545732473936701220e-09 8.109951561124683999e-09 8.450650562432882922e-09 8.691340013960938376e-09 8.884170846206221529e-09 9.047611907669682882e-09 9.198406552015116630e-09 9.356754282282779038e-09 9.558466741703477073e-09 7.545732473936701220e-09 1.016524069846058644e-08 1.122242314353546892e-08 1.218125126531278723e-08 1.264359743665072318e-08 1.301412616077623732e-08 1.332819159518132899e-08 1.361795602723032498e-08 1.392223432256383020e-08 1.430987723741950453e-08 8.109951561124683999e-09 1.122242314353546892e-08 1.287457973041620322e-08 1.372332255300467330e-08 1.432933991220322315e-08 1.481586992369308815e-08 1.522837625746654325e-08 1.560897598002683403e-08 1.600864014738982319e-08 1.651782212370316215e-08 8.450650562432882922e-09 1.218125126531278723e-08 1.372332255300467330e-08 1.472178403967006517e-08 1.544429048304062111e-08 1.223420431710491998e-08 1.619478644760519568e-08 1.664968129118823967e-08 1.712737004062456762e-08 1.773597652456734517e-08 8.691340013960938376e-09 1.264359743665072318e-08 1.432933991220322315e-08 1.544429048304062111e-08 1.246461861179952328e-08 1.692962485863936921e-08 1.749710041986916288e-08 1.802125321356935302e-08 1.857174453957878782e-08 1.927312095010411683e-08 8.884170846206221529e-09 1.301412616077623732e-08 1.481586992369308815e-08 1.223420431710491998e-08 1.692962485863936921e-08 1.767151116244831700e-08 1.830726042409573489e-08 1.889594149195352993e-08 1.951457195971531711e-08 2.030282696804533233e-08 9.047611907669682882e-09 1.332819159518132899e-08 1.522837625746654325e-08 1.619478644760519568e-08 1.749710041986916288e-08 1.830726042409573489e-08 1.900729085968438937e-08 1.965873285655384720e-08 1.641184926931798669e-08 2.087864350868030933e-08 9.198406552015116630e-09 1.361795602723032498e-08 1.560897598002683403e-08 1.664968129118823967e-08 1.802125321356935302e-08 1.889594149195352993e-08 1.965873285655384720e-08 1.644029402466911467e-08 1.717659390724631737e-08 2.175454172436731122e-08 9.356754282282779038e-09 1.392223432256383020e-08 1.600864014738982319e-08 1.712737004062456762e-08 1.857174453957878782e-08 1.951457195971531711e-08 1.641184926931798669e-08 1.717659390724631737e-08 2.196960860653720358e-08 2.270218074498182041e-08 9.558466741703477073e-09 1.430987723741950453e-08 1.651782212370316215e-08 1.773597652456734517e-08 1.927312095010411683e-08 2.030282696804533233e-08 2.087864350868030933e-08 2.175454172436731122e-08 2.270218074498182041e-08 2.393704646493019675e-08
3.856879053790292662e-09 7.387856428140242988e-09 7.955670773354839432e-09 8.298602286043232340e-09 8.540872146715050679e-09 8.734969273511423817e-09 8.899483711560938770e-09 9.051268637438602200e-09 9.210656248482035234e-09 9.413695207372494940e-09 7.387856428140242988e-09 1.003698580806679396e-08 1.141970324415059682e-08 1.208488656762320016e-08 1.255607028712013378e-08 1.293368673872087994e-08 1.325376034857392041e-08 1.354906804616358970e-08 1.385916725973899600e-08 1.425422878847336052e-08 7.955670773354839432e-09 1.141970324415059682e-08 1.279680537033795460e-08 1.366641635774702715e-08 1.428757300644667660e-08 1.478629692274668056e-08 1.520914728632511269e-08 1.559929142084616226e-08 1.600897811881716044e-08 1.653093258023014111e-08 8.298602286043232340e-09 1.208488656762320016e-08 1.366641635774702715e-08 1.469273330486940113e-08 1.543598913189163242e-08 1.603575257109705143e-08 1.621711774137556599e-08 1.668523873642743789e-08 1.717681688676898645e-08 1.780312332512246643e-08 8.540872146715050679e-09 1.255607028712013378e-08 1.428757300644667660e-08 1.543598913189163242e-08 1.628067507900848473e-08 1.696814306014783214e-08 1.755376987633220604e-08 1.809471060245092090e-08 1.866283684807460961e-08 1.938668647344769538e-08 8.734969273511423817e-09 1.293368673872087994e-08 1.478629692274668056e-08 1.603575257109705143e-08 1.696814306014783214e-08 1.773526851869931529e-08 1.839288884535213480e-08 1.900189976030661484e-08 1.964191226803768650e-08 2.045741932661699009e-08 8.899483711560938770e-09 1.325376034857392041e-08 1.520914728632511269e-08 1.621711774137556599e-08 1.755376987633220604e-08 1.839288884535213480e-08 1.911839534116507809e-08 1.979374375549819208e-08 2.050485713290958887e-08 2.107019928099247652e-08 9.051268637438602200e-09 1.354906804616358970e-08 1.559929142084616226e-08 1.668523873642743789e-08 1.809471060245092090e-08 1.900189976030661484e-08 1.979374375549819208e-08 1.815615247238151590e-08 2.098228914226975654e-08 2.198337250821489643e-08 9.210656248482035234e-09 1.385916725973899600e-08 1.600897811881716044e-08 1.717681688676898645e-08 1.866283684807460961e-08 1.964191226803768650e-08 2.050485713290958887e-08 2.098228914226975654e-08 2.219617375616856111e-08 2.297229448585245047e-08 9.413695207372494940e-09 1.425422878847336052e-08 1.653093258023014111e-08 1.780312332512246643e-08 1.938668647344769538e-08 2.045741932661699009e-08 2.107019928099247652e-08 2.198337250821489643e-08 2.297229448585245047e-08 2.426195973012575035e-08
5.445145740715278385e-09 7.200047262899214243e-09 7.770119891292443001e-09 8.114481815632479877e-09 8.357765725736868682e-09 8.552675420093435994e-09 8.717878668941048920e-09 8.870299063399650502e-09 9.030353967717460912e-09 9.234244909062872511e-09 7.200047262899214243e-09 9.933672399385594668e-09 1.127292654156779198e-08 1.194950406291429051e-08 1.242881617365762206e-08 1.281295258913738654e-08 1.313855318483520774e-08 1.343896018960012218e-08 1.375441412351971267e-08 1.415630051929821899e-08 7.770119891292443001e-09 1.127292654156779198e-08 1.267936301363143736e-08 1.356893064319518794e-08 1.420460139245453370e-08 1.471502170046665068e-08 1.514779488393937869e-08 1.554709485686607039e-08 1.596639604978598540e-08 1.650060338038677273e-08 8.114481815632479877e-09 1.194950406291429051e-08 1.356893064319518794e-08 1.462233307410393515e-08 1.538584668357762136e-08 1.574104361714239751e-08 1.626260937532911258e-08 1.674394624090295994e-08 1.724940303834896725e-08 1.789339552003231480e-08 8.357765725736868682e-09 1.242881617365762206e-08 1.420460139245453370e-08 1.538584668357762136e-08 1.599418984875721667e-08 1.735970688858446631e-08 1.756780800727775065e-08 1.812535825521195690e-08 1.871093246042015008e-08 1.945701745146345445e-08 8.552675420093435994e-09 1.281295258913738654e-08 1.471502170046665068e-08 1.574104361714239751e-08 1.735970688858446631e-08 1.775648898292265179e-08 1.843592253598195684e-08 1.906521933834590390e-08 1.972656993672336698e-08 2.056927371291780168e-08 8.717878668941048920e-09 1.313855318483520774e-08 1.514779488393937869e-08 1.626260937532911258e-08 1.756780800727775065e-08 1.843592253598195684e-08 1.918699216179840299e-08 1.961595865628564222e-08 2.035080207861389328e-08 2.128751188479768430e-08 8.870299063399650502e-09 1.343896018960012218e-08 1.554709485686607039e-08 1.674394624090295994e-08 1.812535825521195690e-08 1.906521933834590390e-08 1.961595865628564222e-08 2.038529227927011842e-08 2.119949855370155652e-08 2.223900968460369679e-08 9.030353967717460912e-09 1.375441412351971267e-08 1.596639604978598540e-08 1.724940303834896725e-08 1.871093246042015008e-08 1.972656993672336698e-08 2.035080207861389328e-08 2.119949855370155652e-08 2.210624518962817913e-08 2.327046716203377899e-08 9.234244909062872511e-09 1.415630051929821899e-08 1.650060338038677273e-08 1.789339552003231480e-08 1.945701745146345445e-08 2.056927371291780168e-08 2.128751188479768430e-08 2.223900968460369679e-08 2.327046716203377899e-08 2.461669494345596494e-08
5.257488164023399345e-09 7.005311529175911460e-09 7.576512842739529715e-09 7.921627634464961778e-09 8.165447182537738436e-09 8.360786199748594234e-09 8.526353411860876502e-09 8.679109573436048888e-09 8.839517048823179226e-09 9.043858989360603947e-09 7.005311529175911460e-09 9.854417325346980295e-09 1.096727867292078288e-08 1.165198185434966048e-08 1.228580194731248244e-08 1.267593025772866172e-08 1.300661027238484172e-08 1.331170366166241881e-08 1.363207870152959875e-08 1.404023752880536369e-08 7.576512842739529715e-09 1.096727867292078288e-08 1.254616984601522352e-08 1.345482168846984817e-08 1.410440883879800638e-08 1.462605009677388890e-08 1.506834358783767229e-08 1.547642809340176378e-08 1.590495387169264463e-08 1.645091734302597954e-08 7.921627634464961778e-09 1.165198185434966048e-08 1.345482168846984817e-08 1.363914436735765005e-08 1.516278871679620210e-08 1.579387587613713055e-08 1.632968741840072960e-08 1.682417653420815083e-08 1.734344521206128081e-08 1.800503845876252071e-08 8.165447182537738436e-09 1.228580194731248244e-08 1.410440883879800638e-08 1.516278871679620210e-08 1.605597095567700157e-08 1.678383627929156219e-08 1.740402322215138295e-08 1.797696575774036998e-08 1.857870523393287354e-08 1.934539422261702586e-08 8.360786199748594234e-09 1.267593025772866172e-08 1.462605009677388890e-08 1.579387587613713055e-08 1.678383627929156219e-08 1.759972729047082594e-08 1.829974830281000128e-08 1.894823361059522777e-08 1.962975808931141538e-08 2.049818016576964218e-08 8.526353411860876502e-09 1.300661027238484172e-08 1.506834358783767229e-08 1.632968741840072960e-08 1.740402322215138295e-08 1.829974830281000128e-08 1.907536437263428530e-08 1.979776340981234103e-08 2.055859292001810493e-08 2.152844846513215836e-08 8.679109573436048888e-09 1.331170366166241881e-08 1.547642809340176378e-08 1.682417653420815083e-08 1.797696575774036998e-08 1.894823361059522777e-08 1.979776340981234103e-08 2.059577566942181040e-08 2.144056589393513704e-08 2.251920971612869219e-08 8.839517048823179226e-09 1.363207870152959875e-08 1.590495387169264463e-08 1.734344521206128081e-08 1.857870523393287354e-08 1.962975808931141538e-08 2.055859292001810493e-08 2.144056589393513704e-08 2.238342037721066888e-08 2.359434401757203914e-08 9.043858989360603947e-09 1.404023752880536369e-08 1.645091734302597954e-08 1.800503845876252071e-08 1.934539422261702586e-08 2.049818016576964218e-08 2.152844846513215836e-08 2.251920971612869219e-08 2.359434401757203914e-08 2.499876329989394556e-08
5.075654522143309978e-09 6.813287027724117965e-09 5.962982505660983806e-09 7.700775043594406838e-09 7.944039547808194780e-09 8.138933882614946273e-09 8.304125114580907494e-09 8.456534350802766064e-09 8.616576549768270493e-09 8.820455510278700325e-09 6.813287027724117965e-09 9.782642118251097381e-09 1.091213926506385654e-08 1.160764428410135823e-08 1.210054435363320866e-08 1.249557592109744203e-08 1.283041460752940777e-08 1.313934485234745021e-08 1.346374753434411344e-08 1.387704155191755848e-08 5.962982505660983806e-09 1.091213926506385654e-08 1.240740299128002008e-08 1.167753238101993743e-08 1.395855110658561198e-08 1.449034643324696032e-08 1.494126138881765817e-08 1.535730055058138769e-08 1.579417784290852134e-08 1.635078650674117961e-08 7.700775043594406838e-09 1.160764428410135823e-08 1.167753238101993743e-08 1.440086658453640591e-08 1.520250253823067568e-08 1.585008377063859871e-08 1.639993437655517710e-08 1.690738552363015384e-08 1.744026638346682830e-08 1.811920587639298937e-08 7.944039547808194780e-09 1.210054435363320866e-08 1.395855110658561198e-08 1.520250253823067568e-08 1.612117156787149206e-08 1.687023590766561404e-08 1.750860625528968026e-08 1.809837599928412985e-08 1.871779261554227636e-08 1.950700832749641487e-08 8.138933882614946273e-09 1.249557592109744203e-08 1.449034643324696032e-08 1.585008377063859871e-08 1.687023590766561404e-08 1.771178055597654742e-08 1.843411428048560484e-08 1.910336740510727156e-08 1.980673986460355333e-08 2.070300841433574100e-08 8.304125114580907494e-09 1.283041460752940777e-08 1.494126138881765817e-08 1.639993437655517710e-08 1.750860625528968026e-08 1.843411428048560484e-08 1.923608582722323382e-08 1.998327697232901514e-08 2.077030309363321303e-08 2.177357473675274837e-08 8.456534350802766064e-09 1.313934485234745021e-08 1.535730055058138769e-08 1.690738552363015384e-08 1.809837599928412985e-08 1.910336740510727156e-08 1.998327697232901514e-08 2.081032598709016944e-08 2.168610661035628539e-08 2.280441219625514752e-08 8.616576549768270493e-09 1.346374753434411344e-08 1.579417784290852134e-08 1.744026638346682830e-08 1.871779261554227636e-08 1.980673986460355333e-08 2.077030309363321303e-08 2.168610661035628539e-08 2.266572887394969415e-08 2.392424418547194709e-08 8.820455510278700325e-09 1.387704155191755848e-08 1.635078650674117961e-08 1.811920587639298937e-08 1.950700832749641487e-08 2.070300841433574100e-08 2.177357473675274837e-08 2.280441219625514752e-08 2.392424418547194709e-08 2.538833939349291531e-08
4.957355824515184319e-09 6.682994165403449632e-09 7.253840027489170773e-09 7.598890054706698656e-09 7.842673680289571141e-09 8.037984119267718654e-09 8.203528050365778750e-09 8.356262685819060302e-09 8.516646594426585352e-09 8.720961904945999322e-09 6.682994165403449632e-09 9.635454642831992047e-09 1.083885751950250303e-08 1.154420553903133611e-08 1.204415054054554334e-08 1.244483477199442746e-08 1.278446540419317042e-08 1.309781683468545364e-08 1.342686216171834344e-08 1.384607299229391310e-08 7.253840027489170773e-09 1.083885751950250303e-08 1.232364586177522751e-08 1.326819550206891557e-08 1.394390946967463719e-08 1.448664699858129518e-08 1.494684710018260575e-08 1.537145392322294008e-08 1.581732808868060803e-08 1.638540196349884882e-08 7.598890054706698656e-09 1.154420553903133611e-08 1.326819550206891557e-08 1.439864572773622950e-08 1.521989384392898735e-08 1.588351783364246813e-08 1.644702802046134209e-08 1.696709160880973003e-08 1.751321761009569894e-08 1.820903580872747937e-08 7.842673680289571141e-09 1.204415054054554334e-08 1.394390946967463719e-08 1.521989384392898735e-08 1.616357610866651079e-08 1.693349840573417173e-08 1.758977480454994834e-08 1.819611883113022876e-08 1.883294743660894636e-08 1.964435221433202595e-08 8.037984119267718654e-09 1.244483477199442746e-08 1.448664699858129518e-08 1.588351783364246813e-08 1.693349840573417173e-08 1.780048015802051918e-08 1.854497507593203059e-08 1.923486708610579316e-08 1.995995468497991399e-08 2.088390098118075281e-08 8.203528050365778750e-09 1.278446540419317042e-08 1.494684710018260575e-08 1.644702802046134209e-08 1.758977480454994834e-08 1.854497507593203059e-08 1.937328914372479895e-08 2.014528968656919488e-08 2.095854113109306433e-08 2.199526788639697888e-08 8.356262685819060302e-09 1.309781683468545364e-08 1.537145392322294008e-08 1.696709160880973003e-08 1.819611883113022876e-08 1.923486708610579316e-08 2.014528968656919488e-08 2.100156163900990149e-08 2.190856088231808978e-08 2.306683065137072146e-08 8.516646594426585352e-09 1.342686216171834344e-08 1.581732808868060803e-08 1.751321761009569894e-08 1.883294743660894636e-08 1.995995468497991399e-08 2.095854113109306433e-08 2.190856088231808978e-08 2.292543805482192033e-08 2.423221634400975009e-08 8.720961904945999322e-09 1.384607299229391310e-08 1.638540196349884882e-08 1.820903580872747937e-08 1.964435221433202595e-08 2.088390098118075281e-08 2.199526788639697888e-08 2.306683065137072146e-08 2.423221634400975009e-08 2.575726939998278816e-08
4.731188751199235792e-09 7.814510661475353734e-09 7.011002828789040957e-09 7.355189679165240690e-09 7.598366310842288649e-09 7.793190951585779207e-09 7.958322353754885683e-09 8.110676359239616573e-09 8.270661483498691129e-09 8.474470219752576368e-09 7.814510661475353734e-09 9.456201808860112108e-09 1.061172283190671565e-08 1.132475677248408911e-08 1.183017325507346152e-08 1.397206011503933661e-08 1.433246397836937875e-08 1.301457850672462175e-08 1.334771042075684857e-08 1.377212980502813401e-08 7.011002828789040957e-09 1.061172283190671565e-08 1.223681666570432100e-08 1.319865047642648151e-08 1.388705200454107655e-08 1.444003731927966358e-08 1.490893447553206233e-08 1.534156641615197871e-08 1.579586775057568594e-08 1.637468120673419351e-08 7.355189679165240690e-09 1.132475677248408911e-08 1.319865047642648151e-08 1.603139345449907863e-08 1.507346763192821431e-08 1.575187348926033566e-08 1.632801290429626179e-08 1.685973717377708984e-08 1.741811059008155823e-08 1.812953604882439707e-08 7.598366310842288649e-09 1.183017325507346152e-08 1.388705200454107655e-08 1.507346763192821431e-08 1.604070244145080691e-08 1.869786045272819958e-08 1.762586710512411337e-08 1.824837757183182036e-08 1.890219032669850056e-08 1.973523937751861854e-08 7.793190951585779207e-09 1.397206011503933661e-08 1.444003731927966358e-08 1.575187348926033566e-08 1.869786045272819958e-08 1.784412227271992927e-08 1.861044796014467099e-08 1.932068442163575272e-08 2.006718041773911809e-08 2.101841429944575397e-08 7.958322353754885683e-09 1.433246397836937875e-08 1.490893447553206233e-08 1.632801290429626179e-08 1.762586710512411337e-08 1.861044796014467099e-08 1.946490204619288003e-08 2.026155315239880596e-08 2.110087322541581660e-08 2.217085795322512164e-08 8.110676359239616573e-09 1.301457850672462175e-08 1.534156641615197871e-08 1.685973717377708984e-08 1.824837757183182036e-08 1.932068442163575272e-08 2.026155315239880596e-08 2.114704680325146408e-08 2.208529479412643224e-08 2.328357871640677833e-08 8.270661483498691129e-09 1.334771042075684857e-08 1.579586775057568594e-08 1.741811059008155823e-08 1.890219032669850056e-08 2.006718041773911809e-08 2.110087322541581660e-08 2.208529479412643224e-08 2.313970141682883887e-08 2.449514371684667447e-08 8.474470219752576368e-09 1.377212980502813401e-08 1.637468120673419351e-08 1.812953604882439707e-08 1.973523937751861854e-08 2.101841429944575397e-08 2.217085795322512164e-08 2.328357871640677833e-08 2.449514371684667447e-08 2.608215007411166030e-08
