3.258708777597922667e-10 5.266318211015170389e-10 6.249406631863955260e-10 6.744352978916914128e-10 7.094478233966576156e-10 7.374989161416705584e-10 7.612725677543006631e-10 7.832038556004104464e-10 8.062296328493597142e-10 8.355573550995427722e-10 5.266318211015170389e-10 1.008936960569353725e-09 1.215238476525934986e-09 1.363584678951567105e-09 1.469701930157417554e-09 1.554871148528629720e-09 1.627067898636021769e-09 1.693670764173913127e-09 1.763597770961327576e-09 1.852668887164551410e-09 6.249406631863955260e-10 1.215238476525934986e-09 1.571283335039322558e-09 1.819544166910958182e-09 2.002582742387390621e-09 2.150730046518007708e-09 2.276520913280087560e-09 2.392590496552039954e-09 2.514455036082652790e-09 2.669687596119873767e-09 6.744352978916914128e-10 1.363584678951567105e-09 1.819544166910958182e-09 2.161607870082977555e-09 2.425643948575437334e-09 2.643803292107522905e-09 2.830244223692868560e-09 3.002506365884887260e-09 3.183396465245921890e-09 3.413822945310706711e-09 7.094478233966576156e-10 1.469701930157417554e-09 2.002582742387390621e-09 2.425643948575437334e-09 2.768650905745848645e-09 3.061461994005875096e-09 3.315627444525502884e-09 3.551631553699340860e-09 3.799676310043518134e-09 4.115674834296147308e-09 7.374989161416705584e-10 1.554871148528629720e-09 2.150730046518007708e-09 2.643803292107522905e-09 3.061461994005875096e-09 3.432222996227680131e-09 3.762814459040565379e-09 4.073802098633064580e-09 4.401862894811666390e-09 4.820003064933443608e-09 7.612725677543006631e-10 1.627067898636021769e-09 2.276520913280087560e-09 2.830244223692868560e-09 3.315627444525502884e-09 3.762814459040565379e-09 4.175399642241893887e-09 4.573004686184980804e-09 4.996984657342949381e-09 5.538634966499695017e-09 7.832038556004104464e-10 1.693670764173913127e-09 2.392590496552039954e-09 3.002506365884887260e-09 3.551631553699340860e-09 4.073802098633064580e-09 4.573004686184980804e-09 5.071178055635595634e-09 5.615623756065357725e-09 6.317609727004303270e-09 8.062296328493597142e-10 1.763597770961327576e-09 2.514455036082652790e-09 3.183396465245921890e-09 3.799676310043518134e-09 4.401862894811666390e-09 4.996984657342949381e-09 5.615623756065357725e-09 6.321962135916336675e-09 7.261096030926007164e-09 8.355573550995427722e-10 1.852668887164551410e-09 2.669687596119873767e-09 3.413822945310706711e-09 4.115674834296147308e-09 4.820003064933443608e-09 5.538634966499695017e-09 6.317609727004303270e-09 7.261096030926007164e-09 8.622453590267543509e-09
3.210229056052938691e-10 5.191222635663396826e-10 6.141159726425337075e-10 6.628398546996468252e-10 6.973075759051014363e-10 7.249222089183174572e-10 7.483259566106372982e-10 7.699160066673753125e-10 7.925835166341244692e-10 8.214549266287959778e-10 5.191222635663396826e-10 9.922866720714301840e-10 1.199404782175064811e-09 1.346113179792882161e-09 1.451062093310751272e-09 1.535293899456743944e-09 1.606696045456327114e-09 1.672565875705086555e-09 1.741723262119239319e-09 1.829814077824113692e-09 6.141159726425337075e-10 1.199404782175064811e-09 1.551716899512947099e-09 1.797454060566913117e-09 1.978641206395915255e-09 2.125291286504179601e-09 2.249811101564276343e-09 2.364707899353281606e-09 2.485341105087411776e-09 2.639005208450923081e-09 6.628398546996468252e-10 1.346113179792882161e-09 1.797454060566913117e-09 2.136167805867432586e-09 2.397633066495929695e-09 2.613671675840334282e-09 2.798301422757703801e-09 2.968890466422974794e-09 3.148023728360267797e-09 3.376212307418593494e-09 6.973075759051014363e-10 1.451062093310751272e-09 1.978641206395915255e-09 2.397633066495929695e-09 2.737360527793984817e-09 3.027380120969293199e-09 3.279127436386445983e-09 3.512888312408841320e-09 3.758575928887164895e-09 4.071571669374267260e-09 7.249222089183174572e-10 1.535293899456743944e-09 2.125291286504179601e-09 2.613671675840334282e-09 3.027380120969293199e-09 3.394652000647839868e-09 3.722147868938927697e-09 4.030232787878709659e-09 4.355234984540673885e-09 4.769477464109311907e-09 7.483259566106372982e-10 1.606696045456327114e-09 2.249811101564276343e-09 2.798301422757703801e-09 3.279127436386445983e-09 3.722147868938927697e-09 4.130925468375912558e-09 4.524890592495433526e-09 4.945005074729038947e-09 5.481722045679851348e-09 7.699160066673753125e-10 1.672565875705086555e-09 2.364707899353281606e-09 2.968890466422974794e-09 3.512888312408841320e-09 4.030232787878709659e-09 4.524890592495433526e-09 5.018600596171622220e-09 5.558224728898491597e-09 6.254022384848465531e-09 7.925835166341244692e-10 1.741723262119239319e-09 2.485341105087411776e-09 3.148023728360267797e-09 3.758575928887164895e-09 4.355234984540673885e-09 4.945005074729038947e-09 5.558224728898491597e-09 6.258536391597475629e-09 7.189798514825557773e-09 8.214549266287959778e-10 1.829814077824113692e-09 2.639005208450923081e-09 3.376212307418593494e-09 4.071571669374267260e-09 4.769477464109311907e-09 5.481722045679851348e-09 6.254022384848465531e-09 7.189798514825557773e-09 8.540649743370364312e-09
3.163379930378092768e-10 5.118463403712483547e-10 6.032475278497432933e-10 6.512038136724460696e-10 6.851289749161948940e-10 7.123089468767629487e-10 7.353443150650866615e-10 7.565945336181731852e-10 7.789052527808123579e-10 8.073222318251800882e-10 5.118463403712483547e-10 9.756263452080214730e-10 1.183956550353404904e-09 1.329052684378745116e-09 1.432851603513083586e-09 1.516160723469848513e-09 1.586780748128158936e-09 1.651929058599140528e-09 1.720328914880511299e-09 1.807454828774862182e-09 6.032475278497432933e-10 1.183956550353404904e-09 1.532590709496694344e-09 1.775844317581270487e-09 1.955210009418907022e-09 2.100387143732436310e-09 2.223656513547988698e-09 2.337399537646792993e-09 2.456821370321290085e-09 2.608942441636362603e-09 6.512038136724460696e-10 1.329052684378745116e-09 1.775844317581270487e-09 2.111264271936177734e-09 2.370202809255332567e-09 2.584157025816123462e-09 2.767006553778308415e-09 2.935951082214014084e-09 3.113357517396692839e-09 3.339346422588558979e-09 6.851289749161948940e-10 1.432851603513083586e-09 1.955210009418907022e-09 2.370202809255332567e-09 2.706708479563235717e-09 2.993985207629467745e-09 3.243356122261465824e-09 3.474912336415122919e-09 3.718283312577982584e-09 4.028327857872307691e-09 7.123089468767629487e-10 1.516160723469848513e-09 2.100387143732436310e-09 2.584157025816123462e-09 2.993985207629467745e-09 3.357828244903466486e-09 3.682280727802181083e-09 3.987511268748560196e-09 4.309505618681432196e-09 4.719915052033282372e-09 7.353443150650866615e-10 1.586780748128158936e-09 2.223656513547988698e-09 2.767006553778308415e-09 3.243356122261465824e-09 3.682280727802181083e-09 4.087312526712965732e-09 4.477694990188072097e-09 4.894004005156672361e-09 5.425864037614291092e-09 7.565945336181731852e-10 1.651929058599140528e-09 2.337399537646792993e-09 2.935951082214014084e-09 3.474912336415122919e-09 3.987511268748560196e-09 4.477694990188072097e-09 4.967006978423126556e-09 5.501877583955056155e-09 6.191573188018987525e-09 7.789052527808123579e-10 1.720328914880511299e-09 2.456821370321290085e-09 3.113357517396692839e-09 3.718283312577982584e-09 4.309505618681432196e-09 4.894004005156672361e-09 5.501877583955056155e-09 6.196237442747168835e-09 7.119720872881027315e-09 8.073222318251800882e-10 1.807454828774862182e-09 2.608942441636362603e-09 3.339346422588558979e-09 4.028327857872307691e-09 4.719915052033282372e-09 5.425864037614291092e-09 6.191573188018987525e-09 7.119720872881027315e-09 8.460158683234496831e-09
3.118071213887960514e-10 5.047882704482644952e-10 5.923743594737970943e-10 6.395681022385198021e-10 6.729542865234611324e-10 6.997024684551222446e-10 7.223718903749031736e-10 7.432845220984057522e-10 7.652408071617735664e-10 7.932063575666610906e-10 5.047882704482644952e-10 9.590077540636927662e-10 1.168864097669101502e-09 1.312371249138698470e-09 1.415036910841954465e-09 1.497436783659292842e-09 1.567286079037557350e-09 1.631723379066811217e-09 1.699376739063021432e-09 1.785551804327617945e-09 5.923743594737970943e-10 1.168864097669101502e-09 1.513870276393611303e-09 1.754677193152443711e-09 1.932249076217333931e-09 2.075975676700103452e-09 2.198013626554785078e-09 2.310620430211739710e-09 2.428849319231328575e-09 2.579450832623203545e-09 6.395681022385198021e-10 1.312371249138698470e-09 1.754677193152443711e-09 2.086855452806725319e-09 2.343308443920170974e-09 2.555212280400479630e-09 2.736310585816354116e-09 2.903637366658440737e-09 3.079345079604944871e-09 3.303170110117706719e-09 6.729542865234611324e-10 1.415036910841954465e-09 1.932249076217333931e-09 2.343308443920170974e-09 2.676646705135890017e-09 2.961226570930544628e-09 3.208260612389953372e-09 3.437648706511344525e-09 3.678741412315224696e-09 3.985883638512069556e-09 6.997024684551222446e-10 1.497436783659292842e-09 2.075975676700103452e-09 2.555212280400479630e-09 2.961226570930544628e-09 3.321698233004171496e-09 3.643157215641914657e-09 3.945579602803977061e-09 4.264614641449127180e-09 4.671252849583123773e-09 7.223718903749031736e-10 1.567286079037557350e-09 2.198013626554785078e-09 2.736310585816354116e-09 3.208260612389953372e-09 3.643157215641914657e-09 4.044502644303571349e-09 4.431357609101124947e-09 4.843919005362456453e-09 5.370995737750713323e-09 7.432845220984057522e-10 1.631723379066811217e-09 2.310620430211739710e-09 2.903637366658440737e-09 3.437648706511344525e-09 3.945579602803977061e-09 4.431357609101124947e-09 4.916334945347266266e-09 5.446518071653535503e-09 6.130195384254864748e-09 7.652408071617735664e-10 1.699376739063021432e-09 2.428849319231328575e-09 3.079345079604944871e-09 3.678741412315224696e-09 4.264614641449127180e-09 4.843919005362456453e-09 5.446518071653535503e-09 6.134999386693494376e-09 7.050795253352098796e-09 7.932063575666610906e-10 1.785551804327617945e-09 2.579450832623203545e-09 3.303170110117706719e-09 3.985883638512069556e-09 4.671252849583123773e-09 5.370995737750713323e-09 6.130195384254864748e-09 7.050795253352098796e-09 8.380911747461394180e-09
3.074201876548220171e-10 4.979309091508017799e-10 5.815357097133172500e-10 6.279738645513930759e-10 6.608259972124836906e-10 6.871463354210998243e-10 7.094531556164878446e-10 7.300312858694629288e-10 7.516363761763912285e-10 7.791546243281192064e-10 4.979309091508017799e-10 9.424829145926031000e-10 1.154096439037369635e-09 1.296035712487893676e-09 1.397583306690574143e-09 1.479086131967062208e-09 1.548175039707163333e-09 1.611910869619465711e-09 1.678827749804042555e-09 1.764064723831098320e-09 5.815357097133172500e-10 1.154096439037369635e-09 1.495520068702020570e-09 1.733914064901740741e-09 1.909717571525612661e-09 2.052014278067844920e-09 2.172838331896644826e-09 2.284325083453834035e-09 2.401378004204084270e-09 2.550481581798174922e-09 6.279738645513930759e-10 1.296035712487893676e-09 1.733914064901740741e-09 2.062898875134932631e-09 2.316904736213860492e-09 2.526790002025864290e-09 2.706164218262464804e-09 2.871898301495167684e-09 3.045933593469548812e-09 3.267628251627648747e-09 6.608259972124836906e-10 1.397583306690574143e-09 1.909717571525612661e-09 2.316904736213860492e-09 2.647126831685894468e-09 2.929053358589702973e-09 3.173787972735033313e-09 3.401042574319075743e-09 3.639893370931849410e-09 3.944179595549273442e-09 6.871463354210998243e-10 1.479086131967062208e-09 2.052014278067844920e-09 2.526790002025864290e-09 2.929053358589702973e-09 3.286208464800946487e-09 3.604721647141089315e-09 3.904380113497946621e-09 4.220502292270628690e-09 4.623428442666351881e-09 7.094531556164878446e-10 1.548175039707163333e-09 2.172838331896644826e-09 2.706164218262464804e-09 3.173787972735033313e-09 3.604721647141089315e-09 4.002437931379203075e-09 4.385818596627951525e-09 4.794688189804813619e-09 5.317052677660762493e-09 7.300312858694629288e-10 1.611910869619465711e-09 2.284325083453834035e-09 2.871898301495167684e-09 3.401042574319075743e-09 3.904380113497946621e-09 4.385818596627951525e-09 4.866522795416726980e-09 5.392082640156230047e-09 6.069823099454285572e-09 7.516363761763912285e-10 1.678827749804042555e-09 2.401378004204084270e-09 3.045933593469548812e-09 3.639893370931849410e-09 4.220502292270628690e-09 4.794688189804813619e-09 5.392082640156230047e-09 6.074757159388929405e-09 6.982954819956568602e-09 7.791546243281192064e-10 1.764064723831098320e-09 2.550481581798174922e-09 3.267628251627648747e-09 3.944179595549273442e-09 4.623428442666351881e-09 5.317052677660762493e-09 6.069823099454285572e-09 6.982954819956568602e-09 8.302841456820649975e-09
3.031676547242236143e-10 4.912576767333934735e-10 5.707755196670977158e-10 6.164670549569906967e-10 6.487914822578955332e-10 6.746890612935200444e-10 6.966375889777981188e-10 7.168851930297641327e-10 7.381432622429116479e-10 7.652195244007445839e-10 4.912576767333934735e-10 9.261091753309968036e-10 1.139623243227238541e-09 1.280013623341434139e-09 1.380456834956077197e-09 1.461073606544991025e-09 1.529411446434951486e-09 1.592454403895669519e-09 1.658643831035314220e-09 1.742954210668703356e-09 5.707755196670977158e-10 1.139623243227238541e-09 1.477505395946561654e-09 1.713517324303908974e-09 1.887575802738481626e-09 2.028461586519613681e-09 2.148087854501776949e-09 2.258469418198763613e-09 2.374361976882827132e-09 2.521987496872789021e-09 6.164670549569906967e-10 1.280013623341434139e-09 1.713517324303908974e-09 2.039353363428956120e-09 2.290947961692914712e-09 2.498844432949919741e-09 2.676519974337194412e-09 2.840684825128861137e-09 3.013072333606052993e-09 3.232668002530074952e-09 6.487914822578955332e-10 1.380456834956077197e-09 1.887575802738481626e-09 2.290947961692914712e-09 2.618102270151448360e-09 2.897416721377270586e-09 3.139887457919282443e-09 3.365041451306217698e-09 3.601684870833763623e-09 3.903159081759121198e-09 6.746890612935200444e-10 1.461073606544991025e-09 2.028461586519613681e-09 2.498844432949919741e-09 2.897416721377270586e-09 3.251307701345166598e-09 3.566920816422631058e-09 3.863857804947909104e-09 4.177111702460535572e-09 4.576382578130809822e-09 6.966375889777981188e-10 1.529411446434951486e-09 2.148087854501776949e-09 2.676519974337194412e-09 3.139887457919282443e-09 3.566920816422631058e-09 3.961063223145766052e-09 4.341021051306515122e-09 4.746252861203716686e-09 5.263973879074662297e-09 7.168851930297641327e-10 1.592454403895669519e-09 2.258469418198763613e-09 2.840684825128861137e-09 3.365041451306217698e-09 3.863857804947909104e-09 4.341021051306515122e-09 4.817512026565539468e-09 5.338511196095336491e-09 6.010394247001122527e-09 7.381432622429116479e-10 1.658643831035314220e-09 2.374361976882827132e-09 3.013072333606052993e-09 3.601684870833763623e-09 4.177111702460535572e-09 4.746252861203716686e-09 5.338511196095336491e-09 6.015449433586249910e-09 6.916136823704406740e-09 7.652195244007445839e-10 1.742954210668703356e-09 2.521987496872789021e-09 3.232668002530074952e-09 3.903159081759121198e-09 4.576382578130809822e-09 5.263973879074662297e-09 6.010394247001122527e-09 6.916136823704406740e-09 8.225884787014215652e-09
2.990431353609416973e-10 4.847565628943941628e-10 5.601424282344873731e-10 6.050984390945188720e-10 6.369030083760319868e-10 6.623841152365738314e-10 6.839796787046582918e-10 7.039016719315917525e-10 7.248178807342372048e-10 7.514587301259272227e-10 4.847565628943941628e-10 9.099492325866766265e-10 1.125421950090281623e-09 1.264280811246525812e-09 1.363632181135100629e-09 1.443372976334318499e-09 1.510968291396206880e-09 1.573326257505939271e-09 1.638796506039390913e-09 1.722190829909883637e-09 5.601424282344873731e-10 1.125421950090281623e-09 1.459800376028926428e-09 1.693458835423612575e-09 1.865794022479788365e-09 2.005286564631428286e-09 2.123730064086667127e-09 2.233020296085751874e-09 2.347767040524007852e-09 2.493933033030348406e-09 6.050984390945188720e-10 1.264280811246525812e-09 1.693458835423612575e-09 2.016187996087982497e-09 2.265405207231549223e-09 2.471341073032432833e-09 2.647342012924987719e-09 2.809959860369276049e-09 2.980722925181043907e-09 3.198249335147393895e-09 6.369030083760319868e-10 1.363632181135100629e-09 1.865794022479788365e-09 2.265405207231549223e-09 2.589537860874901193e-09 2.866279733288515243e-09 3.106520663698485596e-09 3.329605575512934159e-09 3.564074725671333100e-09 3.862779096595767446e-09 6.623841152365738314e-10 1.443372976334318499e-09 2.005286564631428286e-09 2.471341073032432833e-09 2.866279733288515243e-09 3.216957157059720947e-09 3.529714418952539171e-09 3.823970995676840502e-09 4.134399751394766342e-09 4.530070303233165234e-09 6.839796787046582918e-10 1.510968291396206880e-09 2.123730064086667127e-09 2.647342012924987719e-09 3.106520663698485596e-09 3.529714418952539171e-09 3.920336728818818181e-09 4.296921881345172470e-09 4.698568589218357711e-09 5.211713213029797165e-09 7.039016719315917525e-10 1.573326257505939271e-09 2.233020296085751874e-09 2.809959860369276049e-09 3.329605575512934159e-09 3.823970995676840502e-09 4.296921881345172470e-09 4.769258402495494758e-09 5.285758390062302642e-09 5.951862092866372899e-09 7.248178807342372048e-10 1.638796506039390913e-09 2.347767040524007852e-09 2.980722925181043907e-09 3.564074725671333100e-09 4.134399751394766342e-09 4.698568589218357711e-09 5.285758390062302642e-09 5.957030124428910465e-09 6.850294390431924601e-09 7.514587301259272227e-10 1.722190829909883637e-09 2.493933033030348406e-09 3.198249335147393895e-09 3.862779096595767446e-09 4.530070303233165234e-09 5.211713213029797165e-09 5.951862092866372899e-09 6.850294390431924601e-09 8.149995243648883596e-09
2.950387082487002267e-10 4.784148317177750770e-10 5.496851837060738829e-10 5.939188586687213991e-10 6.252128949089735583e-10 6.502850002651315423e-10 6.715339309814601240e-10 6.911361541867812536e-10 7.117166348711528694e-10 7.379298820586540601e-10 4.784148317177750770e-10 8.940655675204190036e-10 1.111471252063686251e-09 1.248814643500024038e-09 1.347085769612213928e-09 1.425959910222129963e-09 1.492820603201276037e-09 1.554500868407386057e-09 1.619259592640791356e-09 1.701747609563357767e-09 5.496851837060738829e-10 1.111471252063686251e-09 1.442380912594890663e-09 1.673712567169265599e-09 1.844344811143391480e-09 1.982460680583131237e-09 2.099735486590323464e-09 2.207947373917764038e-09 2.321561939423008387e-09 2.466285772312800039e-09 5.939188586687213991e-10 1.248814643500024038e-09 1.673712567169265599e-09 1.993374288371745418e-09 2.240246222009895971e-09 2.444248261908615675e-09 2.618597482632270252e-09 2.779689458039201876e-09 2.948850266564662223e-09 3.164335679950089620e-09 6.252128949089735583e-10 1.347085769612213928e-09 1.844344811143391480e-09 2.240246222009895971e-09 2.561401323677933640e-09 2.835608514555933046e-09 3.073652372141151681e-09 3.294698500361023954e-09 3.527025199969530481e-09 3.823000262974387268e-09 6.502850002651315423e-10 1.425959910222129963e-09 1.982460680583131237e-09 2.444248261908615675e-09 2.835608514555933046e-09 3.183121246025537416e-09 3.493065477340872350e-09 3.784681448478825453e-09 4.092326885582147124e-09 4.484450388833305213e-09 6.715339309814601240e-10 1.492820603201276037e-09 2.099735486590323464e-09 2.618597482632270252e-09 3.073652372141151681e-09 3.493065477340872350e-09 3.880220099896276202e-09 4.253481542208592825e-09 4.651594600396515520e-09 5.160228346904203317e-09 6.911361541867812536e-10 1.554500868407386057e-09 2.207947373917764038e-09 2.779689458039201876e-09 3.294698500361023954e-09 3.784681448478825453e-09 4.253481542208592825e-09 4.721721326212022376e-09 5.233782606294307721e-09 5.894183755878228706e-09 7.117166348711528694e-10 1.619259592640791356e-09 2.321561939423008387e-09 2.948850266564662223e-09 3.527025199969530481e-09 4.092326885582147124e-09 4.651594600396515520e-09 5.233782606294307721e-09 5.899456955026993795e-09 6.785384545411285237e-09 7.379298820586540601e-10 1.701747609563357767e-09 2.466285772312800039e-09 3.164335679950089620e-09 3.823000262974387268e-09 4.484450388833305213e-09 5.160228346904203317e-09 5.894183755878228706e-09 6.785384545411285237e-09 8.075130282843114081e-09
2.911351174105856060e-10 4.722062182839574475e-10 5.394511571496455528e-10 5.829776205518170807e-10 6.137718152168017232e-10 6.384434843786670405e-10 6.593530415210591050e-10 6.786421913270347732e-10 6.988939747117336346e-10 7.246885745012913274e-10 4.722062182839574475e-10 8.785180012315813200e-10 1.097732643462305971e-09 1.233574802688802891e-09 1.330775995959981642e-09 1.408791772507116481e-09 1.474924872136421708e-09 1.535933920610068840e-09 1.599987928332630796e-09 1.681578309062037380e-09 5.394511571496455528e-10 1.097732643462305971e-09 1.425204852989910597e-09 1.654233911250717383e-09 1.823181799757408875e-09 1.959936153695469266e-09 2.076055145082016765e-09 2.183200571286981286e-09 2.295695434626835536e-09 2.438993000240018652e-09 5.829776205518170807e-10 1.233574802688802891e-09 1.654233911250717383e-09 1.970864622870830674e-09 2.215421214109371245e-09 2.417514465067133354e-09 2.590233374629455241e-09 2.749819250046929773e-09 2.917398562669866950e-09 3.130869424368286909e-09 6.137718152168017232e-10 1.330775995959981642e-09 1.823181799757408875e-09 2.215421214109371245e-09 2.533640384722682642e-09 2.805348814923339621e-09 3.041226671954602667e-09 3.260262787271598402e-09 3.490477252604103616e-09 3.783761498757139864e-09 6.384434843786670405e-10 1.408791772507116481e-09 1.959936153695469266e-09 2.417514465067133354e-09 2.805348814923339621e-09 3.149743588308736169e-09 3.456915852222886608e-09 3.745929421916853354e-09 4.050831687461471665e-09 4.439459283437147606e-09 6.593530415210591050e-10 1.474924872136421708e-09 2.076055145082016765e-09 2.590233374629455241e-09 3.041226671954602667e-09 3.456915852222886608e-09 3.840653411253651423e-09 4.210638523359985183e-09 4.605267744792457846e-09 5.109454048587007202e-09 6.786421913270347732e-10 1.535933920610068840e-09 2.183200571286981286e-09 2.749819250046929773e-09 3.260262787271598402e-09 3.745929421916853354e-09 4.210638523359985183e-09 4.674837795723079270e-09 5.182519358851780304e-09 5.837292891286443348e-09 6.988939747117336346e-10 1.599987928332630796e-09 2.295695434626835536e-09 2.917398562669866950e-09 3.490477252604103616e-09 4.050831687461471665e-09 4.605267744792457846e-09 5.182519358851780304e-09 5.842664250963929569e-09 6.721340240814088523e-09 7.246885745012913274e-10 1.681578309062037380e-09 2.438993000240018652e-09 3.130869424368286909e-09 3.783761498757139864e-09 4.439459283437147606e-09 5.109454048587007202e-09 5.837292891286443348e-09 6.721340240814088523e-09 8.001222497455423458e-09
2.873124275791191244e-10 4.661040351819537378e-10 5.294875675899698179e-10 5.723238815033903830e-10 6.026302939373604484e-10 6.269111879687409455e-10 6.474895593727903097e-10 6.664731890917409208e-10 6.864042054364270507e-10 7.117902580451211632e-10 4.661040351819537378e-10 8.633662585461723512e-10 1.084168647906997070e-09 1.218522321782436538e-09 1.314662832848679831e-09 1.391827686188399288e-09 1.457239501095947383e-09 1.517583152712197033e-09 1.580938554262161301e-09 1.661639081383269632e-09 5.294875675899698179e-10 1.084168647906997070e-09 1.408231830174524863e-09 1.634980504904082152e-09 1.802261189253931752e-09 1.937668032892234222e-09 2.052643112301699181e-09 2.158733060464210485e-09 2.270119753000010723e-09 2.412005739657171556e-09 5.723238815033903830e-10 1.218522321782436538e-09 1.634980504904082152e-09 1.948614170770654937e-09 2.190883562037549257e-09 2.391091623561773585e-09 2.562200414032480742e-09 2.720298840532649314e-09 2.886316240807892226e-09 3.097797496903650199e-09 6.026302939373604484e-10 1.314662832848679831e-09 1.802261189253931752e-09 2.190883562037549257e-09 2.506206360808099304e-09 2.775450309166418975e-09 3.009191859116080216e-09 3.226245464789602539e-09 3.454376582285666588e-09 3.745006809023742552e-09 6.269111879687409455e-10 1.391827686188399288e-09 1.937668032892234222e-09 2.391091623561773585e-09 2.775450309166418975e-09 3.116772083730167605e-09 3.421211980444993543e-09 3.707660021913453716e-09 4.009857870881697470e-09 4.395038928734800105e-09 6.474895593727903097e-10 1.457239501095947383e-09 2.052643112301699181e-09 2.562200414032480742e-09 3.009191859116080216e-09 3.421211980444993543e-09 3.801581616405079052e-09 4.168336465004557735e-09 4.559530306651711647e-09 5.059330880948086225e-09 6.664731890917409208e-10 1.517583152712197033e-09 2.158733060464210485e-09 2.720298840532649314e-09 3.226245464789602539e-09 3.707660021913453716e-09 4.168336465004557735e-09 4.628550225212758894e-09 5.131909851140405236e-09 5.781129190626184597e-09 6.864042054364270507e-10 1.580938554262161301e-09 2.270119753000010723e-09 2.886316240807892226e-09 3.454376582285666588e-09 4.009857870881697470e-09 4.559530306651711647e-09 5.131909851140405236e-09 5.786592284109876025e-09 6.658100698808413043e-09 7.117902580451211632e-10 1.661639081383269632e-09 2.412005739657171556e-09 3.097797496903650199e-09 3.745006809023742552e-09 4.395038928734800105e-09 5.059330880948086225e-09 5.781129190626184597e-09 6.658100698808413043e-09 7.928211035964055454e-09
2.835542291802579043e-10 4.510458909190282161e-10 5.198410517435120214e-10 5.620062063184862497e-10 5.918382569265017621e-10 6.157391271835960503e-10 6.359954247141988263e-10 6.546819400786821598e-10 6.743010146012076560e-10 6.992897599512397063e-10 4.510458909190282161e-10 8.486694436324911928e-10 1.070748998732794189e-09 1.203625794318008706e-09 1.298714061441443744e-09 1.375034781368673049e-09 1.439731068401688906e-09 1.499414634018769162e-09 1.562077005312398659e-09 1.641894780863617088e-09 5.198410517435120214e-10 1.070748998732794189e-09 1.391429358042486039e-09 1.615918275332932346e-09 1.781547759893816546e-09 1.915620178239814689e-09 2.029462468595259324e-09 2.134507202563789482e-09 2.244796500533342550e-09 2.385284634872559930e-09 5.620062063184862497e-10 1.203625794318008706e-09 1.615918275332932346e-09 1.926586840409262134e-09 2.166595698105785574e-09 2.364940985929220421e-09 2.534458848426241321e-09 2.691087554424385304e-09 2.855561657292684966e-09 3.065077020237879245e-09 5.918382569265017621e-10 1.298714061441443744e-09 1.781547759893816546e-09 2.166595698105785574e-09 2.479059958709691867e-09 2.745872331321649319e-09 2.977506117008725142e-09 3.192603659271268858e-09 3.418679206424977942e-09 3.706690798872926705e-09 6.157391271835960503e-10 1.375034781368673049e-09 1.915620178239814689e-09 2.364940985929220421e-09 2.745872331321649319e-09 3.084164572994784367e-09 3.385910478033190337e-09 3.669828753077417054e-09 3.969359778731597819e-09 4.351142188816225512e-09 6.359954247141988263e-10 1.439731068401688906e-09 2.029462468595259324e-09 2.534458848426241321e-09 2.977506117008725142e-09 3.385910478033190337e-09 3.762960094166080461e-09 4.126529658642219371e-09 4.514335458338786396e-09 5.009810596483264659e-09 6.546819400786821598e-10 1.499414634018769162e-09 2.134507202563789482e-09 2.691087554424385304e-09 3.192603659271268858e-09 3.669828753077417054e-09 4.126529658642219371e-09 4.582811910747097790e-09 5.081906409050363791e-09 5.725643773731664583e-09 6.743010146012076560e-10 1.562077005312398659e-09 2.244796500533342550e-09 2.855561657292684966e-09 3.418679206424977942e-09 3.969359778731597819e-09 4.514335458338786396e-09 5.081906409050363791e-09 5.731192690830443556e-09 6.595616811884004838e-09 6.992897599512397063e-10 1.641894780863617088e-09 2.385284634872559930e-09 3.065077020237879245e-09 3.706690798872926705e-09 4.351142188816225512e-09 5.009810596483264659e-09 5.725643773731664583e-09 6.595616811884004838e-09 7.856047018602136666e-09
2.798443578244627438e-10 4.428218014938793272e-10 5.105450726643784488e-10 5.520596730999368239e-10 5.814319222800678331e-10 6.049644333187219609e-10 6.249085427837466660e-10 6.433070634905994679e-10 6.626237710020554607e-10 6.872274036525885779e-10 4.428218014938793272e-10 8.344717043331242602e-10 1.057444309955331202e-09 1.188854771412280858e-09 1.282898475931514056e-09 1.358381245628001602e-09 1.422367247519792066e-09 1.481395563726454392e-09 1.543369982739450063e-09 1.622311474679600285e-09 5.105450726643784488e-10 1.057444309955331202e-09 1.374766008652843118e-09 1.597014347623283029e-09 1.761007592270755661e-09 1.893757832164114518e-09 2.006477746121851368e-09 2.110486874575617939e-09 2.219688866352317903e-09 2.358791999002907076e-09 5.520596730999368239e-10 1.188854771412280858e-09 1.597014347623283029e-09 1.904747938600548944e-09 2.142521600339183605e-09 2.339025463319131254e-09 2.506970686575917340e-09 2.662146568689940893e-09 2.825095115869692266e-09 3.032667185995387175e-09 5.814319222800678331e-10 1.282898475931514056e-09 1.761007592270755661e-09 2.142521600339183605e-09 2.452163608802910929e-09 2.716576077183036892e-09 2.946129605996428629e-09 3.159296580092202622e-09 3.383343336773402122e-09 3.668770409546579608e-09 6.049644333187219609e-10 1.358381245628001602e-09 1.893757832164114518e-09 2.339025463319131254e-09 2.716576077183036892e-09 3.051880908306859030e-09 3.350970095323000969e-09 3.632393367050927434e-09 3.929294119246757686e-09 4.307724443818544072e-09 6.249085427837466660e-10 1.422367247519792066e-09 2.006477746121851368e-09 2.506970686575917340e-09 2.946129605996428629e-09 3.350970095323000969e-09 3.724746484531714797e-09 4.085174773020642552e-09 4.469638871141141167e-09 4.960847601512886816e-09 6.433070634905994679e-10 1.481395563726454392e-09 2.110486874575617939e-09 2.662146568689940893e-09 3.159296580092202622e-09 3.632393367050927434e-09 4.085174773020642552e-09 4.537578644112709436e-09 5.032463977656286468e-09 5.670790536261420266e-09 6.626237710020554607e-10 1.543369982739450063e-09 2.219688866352317903e-09 2.825095115869692266e-09 3.383343336773402122e-09 3.929294119246757686e-09 4.469638871141141167e-09 5.032463977656286468e-09 5.676419849638078375e-09 6.533842367961741628e-09 6.872274036525885779e-10 1.622311474679600285e-09 2.358791999002907076e-09 3.032667185995387175e-09 3.668770409546579608e-09 4.307724443818544072e-09 4.960847601512886816e-09 5.670790536261420266e-09 6.533842367961741628e-09 7.784684600635850700e-09
2.761678029463844722e-10 4.349314598167917020e-10 5.016191774125141494e-10 5.425050805300836247e-10 5.714329720186550371e-10 5.946094959950717052e-10 6.142519028996146453e-10 6.323721018669432371e-10 6.513965980074537324e-10 6.756280522838438839e-10 4.349314598167917020e-10 8.208011466581022856e-10 1.044230191568879802e-09 1.174184199995681153e-09 1.267190549227127532e-09 1.341841171884927927e-09 1.405121809312001833e-09 1.463499415599895929e-09 1.524790648381744035e-09 1.602861927515233709e-09 5.016191774125141494e-10 1.044230191568879802e-09 1.358216121587488195e-09 1.578242094448199442e-09 1.740613355046712548e-09 1.872053097544993825e-09 1.983660568174470300e-09 2.086643257403534846e-09 2.194767566894821461e-09 2.332497957020328313e-09 5.425050805300836247e-10 1.174184199995681153e-09 1.578242094448199442e-09 1.883069558262721256e-09 2.118632413293226810e-09 2.313315435018991304e-09 2.479705659692269387e-09 2.633445017164633294e-09 2.794885123267173818e-09 3.000535702261595687e-09 5.714329720186550371e-10 1.267190549227127532e-09 1.740613355046712548e-09 2.118632413293226810e-09 2.425487309584354436e-09 2.687530620602345472e-09 2.915030622361411105e-09 3.126291809766677541e-09 3.348335807257134216e-09 3.631211521656530986e-09 5.946094959950717052e-10 1.341841171884927927e-09 1.872053097544993825e-09 2.313315435018991304e-09 2.687530620602345472e-09 3.019889122395971461e-09 3.316358008958166782e-09 3.595320267061878982e-09 3.889626488699770322e-09 4.264750263068221447e-09 6.142519028996146453e-10 1.405121809312001833e-09 1.983660568174470300e-09 2.479705659692269387e-09 2.915030622361411105e-09 3.316358008958166782e-09 3.686907083255838167e-09 4.044237341918120404e-09 4.425405300862800741e-09 4.912405666347060753e-09 6.323721018669432371e-10 1.463499415599895929e-09 2.086643257403534846e-09 2.633445017164633294e-09 3.126291809766677541e-09 3.595320267061878982e-09 4.044237341918120404e-09 4.492815275451713762e-09 4.983546762509167460e-09 5.616532891260157646e-09 6.513965980074537324e-10 1.524790648381744035e-09 2.194767566894821461e-09 2.794885123267173818e-09 3.348335807257134216e-09 3.889626488699770322e-09 4.425405300862800741e-09 4.983546762509167460e-09 5.622237581445674919e-09 6.472740826291594528e-09 6.756280522838438839e-10 1.602861927515233709e-09 2.332497957020328313e-09 3.000535702261595687e-09 3.631211521656530986e-09 4.264750263068221447e-09 4.912405666347060753e-09 5.616532891260157646e-09 6.472740826291594528e-09 7.714087793588582945e-09
2.725112274130885583e-10 4.273827590438186245e-10 4.930723876781546141e-10 5.333521208600148825e-10 5.618515714273639873e-10 5.846848594162267225e-10 6.040363704023162228e-10 6.218882167971155586e-10 6.406309682397113372e-10 6.645035746238192811e-10 4.273827590438186245e-10 8.076714091324672820e-10 1.031088493010444324e-09 1.159595685081019360e-09 1.251571706350152006e-09 1.325395840516286714e-09 1.387975911548553635e-09 1.445707234305816746e-09 1.506319928155938885e-09 1.583526914170872845e-09 4.930723876781546141e-10 1.031088493010444324e-09 1.341761026542736968e-09 1.559582304875388276e-09 1.720345424100393882e-09 1.850486016305252768e-09 1.960990693538299647e-09 2.062955848666969490e-09 2.170011825581910599e-09 2.306381383206374976e-09 5.333521208600148825e-10 1.159595685081019360e-09 1.559582304875388276e-09 1.861531600356040637e-09 2.094907340972854456e-09 2.287789538616312987e-09 2.452641925720099305e-09 2.604960615777843030e-09 2.764908931419236903e-09 2.968659230055611814e-09 5.618515714273639873e-10 1.251571706350152006e-09 1.720345424100393882e-09 2.094907340972854456e-09 2.399009329121384557e-09 2.658713469436759241e-09 2.884186035333139094e-09 3.093565631825128808e-09 3.313632287260191208e-09 3.593989022470404773e-09 5.846848594162267225e-10 1.325395840516286714e-09 1.850486016305252768e-09 2.287789538616312987e-09 2.658713469436759241e-09 2.988165817101710117e-09 3.282050078038932403e-09 3.558584642973894958e-09 3.850331379209742068e-09 4.222193250752567347e-09 6.040363704023162228e-10 1.387975911548553635e-09 1.960990693538299647e-09 2.452641925720099305e-09 2.884186035333139094e-09 3.282050078038932403e-09 3.649416959089630764e-09 4.003691754283572168e-09 4.381608443764389168e-09 4.864457610048906097e-09 6.218882167971155586e-10 1.445707234305816746e-09 2.062955848666969490e-09 2.604960615777843030e-09 3.093565631825128808e-09 3.558584642973894958e-09 4.003691754283572168e-09 4.448495569239853285e-09 4.935127941935503808e-09 5.562843297743769351e-09 6.406309682397113372e-10 1.506319928155938885e-09 2.170011825581910599e-09 2.764908931419236903e-09 3.313632287260191208e-09 3.850331379209742068e-09 4.381608443764389168e-09 4.935127941935503808e-09 5.568618704913345457e-09 6.412284672132203642e-09 6.645035746238192811e-10 1.583526914170872845e-09 2.306381383206374976e-09 2.968659230055611814e-09 3.593989022470404773e-09 4.222193250752567347e-09 4.864457610048906097e-09 5.562843297743769351e-09 6.412284672132203642e-09 7.644229600955445778e-09
2.688571071195136979e-10 4.201774235332853657e-10 4.849067421643804096e-10 5.246030152858943173e-10 5.526900701599160182e-10 5.751929761259625648e-10 5.942644850366516450e-10 6.118580284683345860e-10 6.303295863426995735e-10 6.538567828916076117e-10 4.201774235332853657e-10 7.950855910269916647e-10 1.017993098689192808e-09 1.145062440427781919e-09 1.236014676643500753e-09 1.309017591953607575e-09 1.370901565032016785e-09 1.427990726564541168e-09 1.487929209522304485e-09 1.564277415625750825e-09 4.849067421643804096e-10 1.017993098689192808e-09 1.325373236176093441e-09 1.541006385131705932e-09 1.700174371704281741e-09 1.829026487616468641e-09 1.938437450855720196e-09 2.039393450726455853e-09 2.145389892228252825e-09 2.280409823719634771e-09 5.246030152858943173e-10 1.145062440427781919e-09 1.541006385131705932e-09 1.840103851317138582e-09 2.071314905726135732e-09 2.262415272360703935e-09 2.425746115729249444e-09 2.576659196083915869e-09 2.735131532539563011e-09 2.937001692596112528e-09 5.526900701599160182e-10 1.236014676643500753e-09 1.700174371704281741e-09 2.071314905726135732e-09 2.372696560338270409e-09 2.630090198688640822e-09 2.853560309437313028e-09 3.061081489719229837e-09 3.279195148950807950e-09 3.557063919763865792e-09 5.751929761259625648e-10 1.309017591953607575e-09 1.829026487616468641e-09 2.262415272360703935e-09 2.630090198688640822e-09 2.956675025374378880e-09 3.248009054458413280e-09 3.522148080247146688e-09 3.811369156265269012e-09 4.180012219205995417e-09 5.942644850366516450e-10 1.370901565032016785e-09 1.938437450855720196e-09 2.425746115729249444e-09 2.853560309437313028e-09 3.248009054458413280e-09 3.612237477845186926e-09 3.963498144531365499e-09 4.338207161504219898e-09 4.816960678014723113e-09 6.118580284683345860e-10 1.427990726564541168e-09 2.039393450726455853e-09 2.576659196083915869e-09 3.061081489719229837e-09 3.522148080247146688e-09 3.963498144531365499e-09 4.404578430754976368e-09 4.887165197317668247e-09 5.509677904565608601e-09 6.303295863426995735e-10 1.487929209522304485e-09 2.145389892228252825e-09 2.735131532539563011e-09 3.279195148950807950e-09 3.811369156265269012e-09 4.338207161504219898e-09 4.887165197317668247e-09 5.515519839507275502e-09 6.352429293342983542e-09 6.538567828916076117e-10 1.564277415625750825e-09 2.280409823719634771e-09 2.937001692596112528e-09 3.557063919763865792e-09 4.180012219205995417e-09 4.816960678014723113e-09 5.509677904565608601e-09 6.352429293342983542e-09 7.575064913175085480e-09
2.651884026547054277e-10 4.133168638724177042e-10 4.771239828009006070e-10 5.162597025822077964e-10 5.439505456306769473e-10 5.661360345860367271e-10 5.849385293787705219e-10 6.022839062767774048e-10 6.204949128651567196e-10 6.436902537437860077e-10 4.133168638724177042e-10 7.830467107436156481e-10 1.004919608888289315e-09 1.130559550787130526e-09 1.220494169561064835e-09 1.292680834104041826e-09 1.353872922082416211e-09 1.410323808917626269e-09 1.469592161475033012e-09 1.545086785734686657e-09 4.771239828009006070e-10 1.004919608888289315e-09 1.309027311490279805e-09 1.522487984986268183e-09 1.680073148903898360e-09 1.807646897524562241e-09 1.915972747266728490e-09 2.015927528961327549e-09 2.120872768406266225e-09 2.254553689505355023e-09 5.162597025822077964e-10 1.130559550787130526e-09 1.522487984986268183e-09 1.818758550568821074e-09 2.047826224749670730e-09 2.237162842702412288e-09 2.398987665065763800e-09 2.548509482504029654e-09 2.705520904710247089e-09 2.905530117426992782e-09 5.439505456306769473e-10 1.220494169561064835e-09 1.680073148903898360e-09 2.047826224749670730e-09 2.346518635078121520e-09 2.601629237506088675e-09 2.823120860656362618e-09 3.028805867755693577e-09 3.244989899112620852e-09 3.520400475343714750e-09 5.661360345860367271e-10 1.292680834104041826e-09 1.807646897524562241e-09 2.237162842702412288e-09 2.601629237506088675e-09 2.925383750376230735e-09 3.214200756437225568e-09 3.485975317400710066e-09 3.772703428917543373e-09 4.138169339552621792e-09 5.849385293787705219e-10 1.353872922082416211e-09 1.915972747266728490e-09 2.398987665065763800e-09 2.823120860656362618e-09 3.214200756437225568e-09 3.575333162065887212e-09 3.923619881251112357e-09 4.295163629363989225e-09 4.769875530258537178e-09 6.022839062767774048e-10 1.410323808917626269e-09 2.015927528961327549e-09 2.548509482504029654e-09 3.028805867755693577e-09 3.485975317400710066e-09 3.923619881251112357e-09 4.361026061928975272e-09 4.839619567996903389e-09 5.456996295868216435e-09 6.204949128651567196e-10 1.469592161475033012e-09 2.120872768406266225e-09 2.705520904710247089e-09 3.244989899112620852e-09 3.772703428917543373e-09 4.295163629363989225e-09 4.839619567996903389e-09 5.462901000880311802e-09 6.293133519440765239e-09 6.436902537437860077e-10 1.545086785734686657e-09 2.254553689505355023e-09 2.905530117426992782e-09 3.520400475343714750e-09 4.138169339552621792e-09 4.769875530258537178e-09 5.456996295868216435e-09 6.293133519440765239e-09 7.506552058015091581e-09
