-3.790360415915257995e-09 -5.591729946422303714e-09 -6.223325627061624123e-09 -6.606443232788948524e-09 -6.877209657960672857e-09 -7.094143241798306397e-09 -7.278014823292577686e-09 -7.447658612217340470e-09 -7.625799530303530665e-09 -7.852751327510418513e-09 -5.591729946422303714e-09 -9.036863350336039218e-09 -1.047594157432101355e-08 -1.137659829787836699e-08 -8.075853307803863643e-09 -1.254300894760499839e-08 -1.297804213937978329e-08 -1.337941521201791875e-08 -1.380089125736594893e-08 -1.433789055641437513e-08 -6.223325627061624123e-09 -1.047594157432101355e-08 -1.248097882512361686e-08 -1.379054961494359967e-08 -1.473650437579306467e-08 -1.549819153577309720e-08 -1.614432227445845337e-08 -1.674050923442747203e-08 -1.736656051169216136e-08 -1.816423445387481758e-08 -6.606443232788948524e-09 -1.137659829787836699e-08 -1.379054961494359967e-08 -1.544450912151918736e-08 -1.667149439302620532e-08 -1.767066640212503634e-08 -1.852073560045499828e-08 -1.930556269248588026e-08 -2.012975342062527847e-08 -2.117990989727460644e-08 -6.877209657960672857e-09 -8.075853307803863643e-09 -1.473650437579306467e-08 -1.667149439302620532e-08 -1.815122984032945415e-08 -1.937751904807644071e-08 -2.042891974411565605e-08 -2.140194280481840016e-08 -2.242413990520585399e-08 -2.372664813158896546e-08 -7.094143241798306397e-09 -1.254300894760499839e-08 -1.549819153577309720e-08 -1.767066640212503634e-08 -1.937751904807644071e-08 -2.082323535930175385e-08 -2.208106458271103688e-08 -2.325244825671960185e-08 -2.448505355920185847e-08 -2.605601041192918374e-08 -7.278014823292577686e-09 -1.297804213937978329e-08 -1.614432227445845337e-08 -1.852073560045499828e-08 -2.042891974411565605e-08 -2.208106458271103688e-08 -2.354590903770423763e-08 -2.492670518600622241e-08 -2.638731393185572043e-08 -2.825076680724034939e-08 -7.447658612217340470e-09 -1.337941521201791875e-08 -1.674050923442747203e-08 -1.930556269248588026e-08 -2.140194280481840016e-08 -2.325244825671960185e-08 -2.492670518600622241e-08 -2.653492296418897328e-08 -2.825720322745567774e-08 -3.046396625107694682e-08 -7.625799530303530665e-09 -1.380089125736594893e-08 -1.736656051169216136e-08 -2.012975342062527847e-08 -2.242413990520585399e-08 -2.448505355920185847e-08 -2.638731393185572043e-08 -2.825720322745567774e-08 -3.030652342350289941e-08 -3.297272612026379474e-08 -7.852751327510418513e-09 -1.433789055641437513e-08 -1.816423445387481758e-08 -2.117990989727460644e-08 -2.372664813158896546e-08 -2.605601041192918374e-08 -2.825076680724034939e-08 -3.046396625107694682e-08 -3.297272612026379474e-08 -3.638176760025612804e-08
-3.592416544134517309e-09 -5.345919377135986195e-09 -5.964180600432184665e-09 -6.339310385922177818e-09 -6.604437711485190722e-09 -6.816853722766601631e-09 -6.996896268484032949e-09 -7.163007303205803013e-09 -7.337438509849748047e-09 -7.559665278204558860e-09 -5.345919377135986195e-09 -8.728663057166503472e-09 -1.015156496781474729e-08 -1.104287709520126112e-08 -1.167656335474479886e-08 -1.218465198687311467e-08 -1.261534366060085093e-08 -1.301271118451065860e-08 -1.342998109394968742e-08 -1.396162343118099864e-08 -5.964180600432184665e-09 -1.015156496781474729e-08 -1.212953583191677487e-08 -1.343233658058939517e-08 -1.437384927102190783e-08 -1.513204807506911372e-08 -1.577523240823925353e-08 -1.636870204535437933e-08 -1.699190002043093309e-08 -1.778594104952749109e-08 -6.339310385922177818e-09 -1.104287709520126112e-08 -1.343233658058939517e-08 -1.508245698153517715e-08 -1.630773810508615532e-08 -1.730584988045972056e-08 -1.815508436565631450e-08 -1.893915279521509181e-08 -1.976254812059875558e-08 -2.081169421560904355e-08 -6.604437711485190722e-09 -1.167656335474479886e-08 -1.437384927102190783e-08 -1.630773810508615532e-08 -1.778869919882929268e-08 -1.901675962419084105e-08 -2.006991128469392628e-08 -2.104461471927374381e-08 -2.206858638010964920e-08 -2.337336010846894731e-08 -6.816853722766601631e-09 -1.218465198687311467e-08 -1.513204807506911372e-08 -1.730584988045972056e-08 -1.901675962419084105e-08 -2.046727869668164758e-08 -2.172986856431783166e-08 -2.290588597856778357e-08 -2.414341647367434698e-08 -2.572066167895478700e-08 -6.996896268484032949e-09 -1.261534366060085093e-08 -1.577523240823925353e-08 -1.815508436565631450e-08 -2.006991128469392628e-08 -2.172986856431783166e-08 -2.320272707234597246e-08 -2.459158068763299120e-08 -2.606090239649204569e-08 -2.793551829584691453e-08 -7.163007303205803013e-09 -1.301271118451065860e-08 -1.636870204535437933e-08 -1.893915279521509181e-08 -2.104461471927374381e-08 -2.290588597856778357e-08 -2.459158068763299120e-08 -2.621181428198122901e-08 -2.794751717656155095e-08 -3.017169150782906569e-08 -7.337438509849748047e-09 -1.342998109394968742e-08 -1.699190002043093309e-08 -1.976254812059875558e-08 -2.206858638010964920e-08 -2.414341647367434698e-08 -2.606090239649204569e-08 -2.794751717656155095e-08 -3.001649516496560683e-08 -3.270914499184255176e-08 -7.559665278204558860e-09 -1.396162343118099864e-08 -1.778594104952749109e-08 -2.081169421560904355e-08 -2.337336010846894731e-08 -2.572066167895478700e-08 -2.793551829584691453e-08 -3.017169150782906569e-08 -3.270914499184255176e-08 -3.616026629644183765e-08
-3.395336103048604319e-09 -5.087528622701957928e-09 -5.690961029628708194e-09 -6.057167905842275579e-09 -6.316001232732213965e-09 -6.523374890278436079e-09 -6.699143865985428784e-09 -6.861312026359234745e-09 -7.031602276663777743e-09 -7.248555156391176824e-09 -5.087528622701957928e-09 -8.399983623640537863e-09 -9.805150772195203048e-09 -1.068593094029561386e-08 -1.131223729750672893e-08 -1.181442034316574769e-08 -1.224010719592901094e-08 -1.263285719482452166e-08 -1.304527833973011651e-08 -1.357074488216751724e-08 -5.690961029628708194e-09 -9.805150772195203048e-09 -1.176636532570502458e-08 -1.306049640232362171e-08 -1.399620987825624483e-08 -1.474983080637276361e-08 -1.538914500090173234e-08 -1.597904504282583507e-08 -1.659849475446150668e-08 -1.738776251391664080e-08 -6.057167905842275579e-09 -1.068593094029561386e-08 -1.306049640232362171e-08 -1.470448589312194512e-08 -1.592640486251701679e-08 -1.692211928282133231e-08 -1.776938435340656577e-08 -1.855164706129939680e-08 -1.937314746810391214e-08 -2.041988217539892303e-08 -6.316001232732213965e-09 -1.131223729750672893e-08 -1.399620987825624483e-08 -1.592640486251701679e-08 -1.740668954492553589e-08 -1.863497691385553866e-08 -1.968856624670444959e-08 -2.066373758398005066e-08 -2.168821052435756860e-08 -2.299362732633923985e-08 -6.523374890278436079e-09 -1.181442034316574769e-08 -1.474983080637276361e-08 -1.692211928282133231e-08 -1.863497691385553866e-08 -2.008857332601114441e-08 -2.135445099175785856e-08 -2.253374073046024136e-08 -2.377476646431763809e-08 -2.535647793247748388e-08 -6.699143865985428784e-09 -1.224010719592901094e-08 -1.538914500090173234e-08 -1.776938435340656577e-08 -1.968856624670444959e-08 -2.135445099175785856e-08 -2.283370719016353260e-08 -2.422912137221355443e-08 -2.570558309298794013e-08 -2.758935766605872768e-08 -6.861312026359234745e-09 -1.263285719482452166e-08 -1.597904504282583507e-08 -1.855164706129939680e-08 -2.066373758398005066e-08 -2.253374073046024136e-08 -2.422912137221355443e-08 -2.585974457608506625e-08 -2.760716022221015523e-08 -2.984656728203869139e-08 -7.031602276663777743e-09 -1.304527833973011651e-08 -1.659849475446150668e-08 -1.937314746810391214e-08 -2.168821052435756860e-08 -2.377476646431763809e-08 -2.570558309298794013e-08 -2.760716022221015523e-08 -2.969394206466975696e-08 -3.241068012282170510e-08 -7.248555156391176824e-09 -1.357074488216751724e-08 -1.738776251391664080e-08 -2.041988217539892303e-08 -2.299362732633923985e-08 -2.535647793247748388e-08 -2.758935766605872768e-08 -2.984656728203869139e-08 -3.241068012282170510e-08 -3.590131418707486873e-08
-3.198198491834980737e-09 -4.828785133162200897e-09 -5.416834218362496281e-09 -5.773812349890507616e-09 -6.026129947497601359e-09 -6.228283683303247525e-09 -6.399628300960790167e-09 -6.557714441749372039e-09 -6.723718244978360086e-09 -6.935211266548164295e-09 -4.828785133162200897e-09 -8.067418251320372684e-09 -9.452207590579879450e-09 -1.032108309879033298e-08 -1.093903639767102127e-08 -1.143453392622827410e-08 -1.185455487057568147e-08 -1.224207741235673126e-08 -1.264900931034565806e-08 -1.316748394052801697e-08 -5.416834218362496281e-09 -9.452207590579879450e-09 -1.139364972737754927e-08 -1.267718623298368937e-08 -1.360572401394963100e-08 -1.435366184247316557e-08 -1.498816882547649035e-08 -1.557363468911808373e-08 -1.618842824809147343e-08 -1.697176588790007267e-08 -5.773812349890507616e-09 -1.032108309879033298e-08 -1.267718623298368937e-08 -1.431270198401858749e-08 -1.552956100638783589e-08 -1.652150819628826130e-08 -1.736564119749391363e-08 -1.814502529751061432e-08 -1.896350414507846415e-08 -2.000639187395491292e-08 -6.026129947497601359e-09 -1.093903639767102127e-08 -1.360572401394963100e-08 -1.552956100638783589e-08 -1.700720991718249720e-08 -1.823413175275254060e-08 -1.928680383034574570e-08 -2.026119197594379469e-08 -2.128485232600604155e-08 -2.258923802870231798e-08 -6.228283683303247525e-09 -1.143453392622827410e-08 -1.435366184247316557e-08 -1.652150819628826130e-08 -1.823413175275254060e-08 -1.968901717355509273e-08 -2.095665427456093473e-08 -2.213780293306338960e-08 -2.338083918081077406e-08 -2.496512498311503581e-08 -6.399628300960790167e-09 -1.185455487057568147e-08 -1.498816882547649035e-08 -1.736564119749391363e-08 -1.928680383034574570e-08 -2.095665427456093473e-08 -2.244062227659664108e-08 -2.384103392227584230e-08 -2.532299245075048732e-08 -2.721383165066026695e-08 -6.557714441749372039e-09 -1.224207741235673126e-08 -1.557363468911808373e-08 -1.814502529751061432e-08 -2.026119197594379469e-08 -2.213780293306338960e-08 -2.384103392227584230e-08 -2.548033883965566986e-08 -2.723766931077458756e-08 -2.949001752392929484e-08 -6.723718244978360086e-09 -1.264900931034565806e-08 -1.618842824809147343e-08 -1.896350414507846415e-08 -2.128485232600604155e-08 -2.338083918081077406e-08 -2.532299245075048732e-08 -2.723766931077458756e-08 -2.934029094896450482e-08 -3.207861462159238372e-08 -6.935211266548164295e-09 -1.316748394052801697e-08 -1.697176588790007267e-08 -2.000639187395491292e-08 -2.258923802870231798e-08 -2.496512498311503581e-08 -2.721383165066026695e-08 -2.949001752392929484e-08 -3.207861462159238372e-08 -3.560600247837382989e-08
-3.000268784247358583e-09 -4.572248610805219811e-09 -5.144080015056613119e-09 -5.491323282834835793e-09 -5.736767495886830198e-09 -5.933414765127536895e-09 -6.100092150170096910e-09 -6.253872192399124942e-09 -6.415354245045027130e-09 -6.621087545436430477e-09 -4.572248610805219811e-09 -7.732100051703772675e-09 -9.094308968542818742e-09 -9.949913763677002513e-09 -1.055854512956589450e-08 -1.104658060429003815e-08 -1.146027742622244314e-08 -1.184196522996104750e-08 -1.224277018234121797e-08 -1.275344031633868472e-08 -5.144080015056613119e-09 -9.094308968542818742e-09 -1.101293835720149078e-08 -1.228392951504077236e-08 -1.320389483380898908e-08 -1.394502776423007233e-08 -1.457377637441808318e-08 -1.515393047558185389e-08 -1.576314633990632834e-08 -1.653937959869464478e-08 -5.491323282834835793e-09 -9.949913763677002513e-09 -1.228392951504077236e-08 -1.390857359643311985e-08 -1.511863063920744051e-08 -1.610540398717735454e-08 -1.694521091458133462e-08 -1.772061456846550590e-08 -1.853491481068169709e-08 -1.957248121099040075e-08 -5.736767495886830198e-09 -1.055854512956589450e-08 -1.320389483380898908e-08 -1.511863063920744051e-08 -1.659161874445722882e-08 -1.781552689519741112e-08 -1.886587888774536995e-08 -1.983818839557422889e-08 -2.085967568568062384e-08 -2.216129671766379943e-08 -5.933414765127536895e-09 -1.104658060429003815e-08 -1.394502776423007233e-08 -1.610540398717735454e-08 -1.781552689519741112e-08 -1.926983974824545814e-08 -2.053764403437111537e-08 -2.171917866394154590e-08 -2.296267800763668541e-08 -2.454756628608223115e-08 -6.100092150170096910e-09 -1.146027742622244314e-08 -1.457377637441808318e-08 -1.694521091458133462e-08 -1.886587888774536995e-08 -2.053764403437111537e-08 -2.202455876327798375e-08 -2.342832996419994972e-08 -2.491406281818577830e-08 -2.680977139947751611e-08 -6.253872192399124942e-09 -1.184196522996104750e-08 -1.515393047558185389e-08 -1.772061456846550590e-08 -1.983818839557422889e-08 -2.171917866394154590e-08 -2.342832996419994972e-08 -2.507451756003919870e-08 -2.683986691618820885e-08 -2.910273896697197396e-08 -6.415354245045027130e-09 -1.224277018234121797e-08 -1.576314633990632834e-08 -1.853491481068169709e-08 -2.085967568568062384e-08 -2.296267800763668541e-08 -2.491406281818577830e-08 -2.683986691618820885e-08 -2.895624303612432670e-08 -3.171349155075160394e-08 -6.621087545436430477e-09 -1.275344031633868472e-08 -1.653937959869464478e-08 -1.957248121099040075e-08 -2.216129671766379943e-08 -2.454756628608223115e-08 -2.680977139947751611e-08 -2.910273896697197396e-08 -3.171349155075160394e-08 -3.527466495498195807e-08
-2.802004219738363003e-09 -4.319206208151626757e-09 -4.874036682697546768e-09 -5.211069393778060024e-09 -5.449304037181415146e-09 -5.640175494903863568e-09 -5.801957351217922612e-09 -5.951220666227500063e-09 -6.107959788758237875e-09 -6.307651491465857567e-09 -4.319206208151626757e-09 -7.395522815156904111e-09 -8.732967885816832865e-09 -9.573943966337834266e-09 -1.017228978741367581e-08 -1.065209084399314512e-08 -1.105880886165922265e-08 -1.143405790490424990e-08 -1.182810163460087674e-08 -1.233015903537512629e-08 -4.874036682697546768e-09 -8.732967885816832865e-09 -1.062572376807449107e-08 -1.188219519896882620e-08 -1.279217239991725053e-08 -1.352536307402962105e-08 -1.414738889917182093e-08 -1.472134142096987844e-08 -1.532404520269270115e-08 -1.609198343623480632e-08 -5.211069393778060024e-09 -9.573943966337834266e-09 -1.188219519896882620e-08 -1.349351683084724563e-08 -1.469498618155406669e-08 -1.567514223578998627e-08 -1.650939746284874627e-08 -1.727968958476342927e-08 -1.808862345606468042e-08 -1.911935501836650459e-08 -5.449304037181415146e-09 -1.017228978741367581e-08 -1.279217239991725053e-08 -1.469498618155406669e-08 -1.616122117289360495e-08 -1.738040877089869953e-08 -1.842698651237196919e-08 -1.939587417616525391e-08 -2.041377773438851225e-08 -2.171083653444123064e-08 -5.640175494903863568e-09 -1.065209084399314512e-08 -1.352536307402962105e-08 -1.567514223578998627e-08 -1.738040877089869953e-08 -1.883220647973246444e-08 -2.009851274255858018e-08 -2.127889171448746463e-08 -2.252123435828537988e-08 -2.410466097834045193e-08 -5.801957351217922612e-09 -1.105880886165922265e-08 -1.414738889917182093e-08 -1.650939746284874627e-08 -1.842698651237196919e-08 -2.009851274255858018e-08 -2.158651371725538347e-08 -2.299191517166538252e-08 -2.447960290967292334e-08 -2.637786186765260618e-08 -5.951220666227500063e-09 -1.143405790490424990e-08 -1.472134142096987844e-08 -1.727968958476342927e-08 -1.939587417616525391e-08 -2.127889171448746463e-08 -2.299191517166538252e-08 -2.464307068257068121e-08 -2.641441853859515241e-08 -2.868523757391504276e-08 -6.107959788758237875e-09 -1.182810163460087674e-08 -1.532404520269270115e-08 -1.808862345606468042e-08 -2.041377773438851225e-08 -2.252123435828537988e-08 -2.447960290967292334e-08 -2.641441853859515241e-08 -2.854230635420705313e-08 -3.131561423068251127e-08 -6.307651491465857567e-09 -1.233015903537512629e-08 -1.609198343623480632e-08 -1.911935501836650459e-08 -2.171083653444123064e-08 -2.410466097834045193e-08 -2.637786186765260618e-08 -2.868523757391504276e-08 -3.131561423068251127e-08 -3.490733194783404272e-08
-2.594983188936651062e-09 -4.070162371053438028e-09 -4.607255227466067148e-09 -4.933629384923242708e-09 -5.164337815931282803e-09 -5.349179772839592278e-09 -5.505851073909435049e-09 -5.650399275617216143e-09 -5.802187144382435019e-09 -5.995571750481488131e-09 -4.070162371053438028e-09 -7.058388686892920422e-09 -8.368907153721584552e-09 -9.193905535916474151e-09 -9.781008163244387640e-09 -1.025180717554278673e-08 -1.065089571943119262e-08 -1.101910568111874875e-08 -1.140575779791620821e-08 -1.601671297576659741e-08 -4.607255227466067148e-09 -8.368907153721584552e-09 -1.024827274727549894e-08 -1.148774919411510575e-08 -1.238655689169556959e-08 -1.311077123300692571e-08 -1.372519200375494385e-08 -1.429213084410362768e-08 -1.488747107857676248e-08 -1.564602765880293846e-08 -4.933629384923242708e-09 -9.193905535916474151e-09 -1.148774919411510575e-08 -1.306816928329299078e-08 -1.425922540285200415e-08 -1.523128723117171385e-08 -1.605873643067261853e-08 -1.682275939811162332e-08 -1.762511126181878031e-08 -1.864745895409661004e-08 -5.164337815931282803e-09 -9.781008163244387640e-09 -1.238655689169556959e-08 -1.425922540285200415e-08 -1.571655354256152889e-08 -1.692926047216953566e-08 -1.797056341429280653e-08 -1.893464292518846108e-08 -1.994750677875784566e-08 -2.123814804947607343e-08 -5.349179772839592278e-09 -1.025180717554278673e-08 -1.311077123300692571e-08 -1.523128723117171385e-08 -1.692926047216953566e-08 -1.837652753280782570e-08 -1.963960536021608913e-08 -2.081722581660258650e-08 -2.205672746132183633e-08 -2.363654605835388251e-08 -5.505851073909435049e-09 -1.065089571943119262e-08 -1.372519200375494385e-08 -1.605873643067261853e-08 -1.797056341429280653e-08 -1.963960536021608913e-08 -2.112674771540327611e-08 -2.253196960153548852e-08 -2.401970741598760333e-08 -2.591808878739712521e-08 -5.650399275617216143e-09 -1.101910568111874875e-08 -1.429213084410362768e-08 -1.682275939811162332e-08 -1.893464292518846108e-08 -2.081722581660258650e-08 -2.253196960153548852e-08 -2.418607720396277791e-08 -2.596129455811600211e-08 -2.823734441079821483e-08 -5.802187144382435019e-09 -1.140575779791620821e-08 -1.488747107857676248e-08 -1.762511126181878031e-08 -1.994750677875784566e-08 -2.205672746132183633e-08 -2.401970741598760333e-08 -2.596129455811600211e-08 -2.809831439992924513e-08 -3.088463768662384787e-08 -5.995571750481488131e-09 -1.601671297576659741e-08 -1.564602765880293846e-08 -1.864745895409661004e-08 -2.123814804947607343e-08 -2.363654605835388251e-08 -2.591808878739712521e-08 -2.823734441079821483e-08 -3.088463768662384787e-08 -3.450341883500594850e-08
-2.410242769381571522e-09 -3.824831026551594613e-09 -4.343491879107400527e-09 -4.658784622682977914e-09 -4.881667931805652393e-09 -5.060240905057366724e-09 -5.211598665626976251e-09 -5.351244477111021998e-09 -5.497884434263157901e-09 -5.684711312969990078e-09 -3.824831026551594613e-09 -6.720602865921892770e-09 -8.002055674449619084e-09 -8.809738080332022385e-09 -9.384646993665226835e-09 -9.845682008542375744e-09 -1.023649521421367823e-08 -1.060283645625173581e-08 -1.098153649581490764e-08 -1.146404661246039819e-08 -4.343491879107400527e-09 -8.002055674449619084e-09 -9.840336245592536439e-09 -1.106114494780411139e-08 -1.194699574979772010e-08 -1.266087990822400810e-08 -1.326655306894615131e-08 -1.382542213151193539e-08 -1.441228846029467341e-08 -1.516005025822902937e-08 -4.658784622682977914e-09 -8.809738080332022385e-09 -1.106114494780411139e-08 -1.263238575540462270e-08 -1.381116535394530674e-08 -1.477362437963160041e-08 -1.559298617304714523e-08 -1.634955737478784465e-08 -1.714408535112272672e-08 -1.815646670047660373e-08 -4.881667931805652393e-09 -9.384646993665226835e-09 -1.194699574979772010e-08 -1.381116535394530674e-08 -1.525737411341503721e-08 -1.646178984417347752e-08 -1.749627394059517525e-08 -1.845411869498310405e-08 -1.946044453380744864e-08 -2.074275902565473717e-08 -5.060240905057366724e-09 -9.845682008542375744e-09 -1.266087990822400810e-08 -1.477362437963160041e-08 -1.646178984417347752e-08 -1.790244271172451187e-08 -1.916708400392782990e-08 -2.034032138397669961e-08 -2.157532407893670469e-08 -2.314941111833702722e-08 -5.211598665626976251e-09 -1.023649521421367823e-08 -1.326655306894615131e-08 -1.559298617304714523e-08 -1.749627394059517525e-08 -1.916708400392782990e-08 -2.064476596897267898e-08 -2.204792762408484920e-08 -2.353373566790228298e-08 -2.542971570176544871e-08 -5.351244477111021998e-09 -1.060283645625173581e-08 -1.382542213151193539e-08 -1.634955737478784465e-08 -1.845411869498310405e-08 -2.034032138397669961e-08 -2.204792762408484920e-08 -2.370288453296878064e-08 -2.547974885883730389e-08 -2.775819323109055429e-08 -5.497884434263157901e-09 -1.098153649581490764e-08 -1.441228846029467341e-08 -1.714408535112272672e-08 -1.946044453380744864e-08 -2.157532407893670469e-08 -2.353373566790228298e-08 -2.547974885883730389e-08 -2.762340419772592339e-08 -3.041954558425115396e-08 -5.684711312969990078e-09 -1.146404661246039819e-08 -1.516005025822902937e-08 -1.815646670047660373e-08 -2.074275902565473717e-08 -2.314941111833702722e-08 -2.542971570176544871e-08 -2.775819323109055429e-08 -3.041954558425115396e-08 -3.406170116430219506e-08
-2.230170816196599034e-09 -3.582835523186708249e-09 -4.082411888553461815e-09 -4.386225262237904100e-09 -4.601002109677285228e-09 -4.773080691822270820e-09 -4.918933856876564684e-09 -5.053501007817354628e-09 -5.194807953709912018e-09 -5.374841206028345884e-09 -3.582835523186708249e-09 -6.381988954469871733e-09 -7.632267779928178995e-09 -8.421310965769287281e-09 -8.982703274602135451e-09 -9.433238305821853347e-09 -9.815149257201217002e-09 -1.016751095793393021e-08 -1.053752199463392514e-08 -1.100896294196986638e-08 -4.082411888553461815e-09 -7.632267779928178995e-09 -9.429491414381199078e-09 -1.062961935818902866e-08 -1.150106348902811450e-08 -1.220345167281409726e-08 -1.279938856980787368e-08 -1.334927565503516285e-08 -1.392671018463552031e-08 -1.466245657359107690e-08 -4.386225262237904100e-09 -8.421310965769287281e-09 -1.062961935818902866e-08 -1.218544501834803644e-08 -1.335057835449566575e-08 -1.430189806106559479e-08 -1.511186703755510216e-08 -1.585978162622516999e-08 -1.664522047871355941e-08 -1.764602324972202392e-08 -4.601002109677285228e-09 -8.982703274602135451e-09 -1.150106348902811450e-08 -1.335057835449566575e-08 -1.478340089908890473e-08 -1.597766700508996219e-08 -1.700374624862197726e-08 -1.795359533262842533e-08 -1.895182535177921882e-08 -2.022382509191645205e-08 -4.773080691822270820e-09 -9.433238305821853347e-09 -1.220345167281409726e-08 -1.430189806106559479e-08 -1.597766700508996219e-08 -1.740959045498229845e-08 -1.866078577096477467e-08 -1.982783464667440803e-08 -2.105639213013848874e-08 -2.262227802676326820e-08 -4.918933856876564684e-09 -9.815149257201217002e-09 -1.279938856980787368e-08 -1.511186703755510216e-08 -1.700374624862197726e-08 -1.866078577096477467e-08 -2.013977631659151942e-08 -2.153916801439319656e-08 -2.302098112820835814e-08 -2.491192705938957437e-08 -5.053501007817354628e-09 -1.016751095793393021e-08 -1.334927565503516285e-08 -1.585978162622516999e-08 -1.795359533262842533e-08 -1.982783464667440803e-08 -2.153916801439319656e-08 -2.319276676949146116e-08 -2.496894090874202800e-08 -2.724679608588070383e-08 -5.194807953709912018e-09 -1.053752199463392514e-08 -1.392671018463552031e-08 -1.664522047871355941e-08 -1.895182535177921882e-08 -2.105639213013848874e-08 -2.302098112820835814e-08 -2.496894090874202800e-08 -2.711658362706037680e-08 -2.991914737574813856e-08 -5.374841206028345884e-09 -1.100896294196986638e-08 -1.466245657359107690e-08 -1.764602324972202392e-08 -2.022382509191645205e-08 -2.262227802676326820e-08 -2.491192705938957437e-08 -2.724679608588070383e-08 -2.991914737574813856e-08 -3.358071166064699203e-08
-2.054276521419100171e-09 -3.342991528304392907e-09 -3.822822116718587509e-09 -4.114791937511741428e-09 -4.321198230950236242e-09 -4.486571119077590397e-09 -4.626740418502403045e-09 -4.756063533207809334e-09 -4.891864141867680286e-09 -5.064882482824180182e-09 -3.342991528304392907e-09 -6.042459563819257023e-09 -7.259501184418742883e-09 -8.027115861764054526e-09 -8.574772775007210336e-09 -9.014002801654723281e-09 -9.386332172913817471e-09 -9.729853739761221880e-09 -1.009058185820649927e-08 -1.055019678856552013e-08 -3.822822116718587509e-09 -7.259501184418742883e-09 -9.017369240946174039e-09 -1.019482417766343001e-08 -1.105042417198005671e-08 -1.174016003128754017e-08 -1.232537995721568909e-08 -1.286538019117239318e-08 -1.343243272043206727e-08 -1.415495286188056259e-08 -4.114791937511741428e-09 -8.027115861764054526e-09 -1.019482417766343001e-08 -1.172701148773201659e-08 -1.287608709200558584e-08 -1.381601405798652620e-08 -1.461526654227874571e-08 -1.535330275896978936e-08 -1.612836948679638843e-08 -1.711595880694804845e-08 -4.321198230950236242e-09 -8.574772775007210336e-09 -1.105042417198005671e-08 -1.287608709200558584e-08 -1.429451529789982412e-08 -1.547486638776261891e-08 -1.649096683163590426e-08 -1.743183642126058751e-08 -1.842037299331812960e-08 -1.968002510107237805e-08 -4.486571119077590397e-09 -9.014002801654723281e-09 -1.174016003128754017e-08 -1.381601405798652620e-08 -1.547486638776261891e-08 -1.689611740607498209e-08 -1.813849172283841661e-08 -1.929759841911436008e-08 -2.051786722141850476e-08 -2.207320263852414726e-08 -4.626740418502403045e-09 -9.386332172913817471e-09 -1.232537995721568909e-08 -1.461526654227874571e-08 -1.649096683163590426e-08 -1.813849172283841661e-08 -1.961027644154198677e-08 -2.100345391531816102e-08 -2.247908902031986139e-08 -2.436412115556339220e-08 -4.756063533207809334e-09 -9.729853739761221880e-09 -1.286538019117239318e-08 -1.535330275896978936e-08 -1.743183642126058751e-08 -1.929759841911436008e-08 -2.100345391531816102e-08 -2.265520371402312720e-08 -2.064273396363253076e-08 -2.670239843811088866e-08 -4.891864141867680286e-09 -1.009058185820649927e-08 -1.343243272043206727e-08 -1.612836948679638843e-08 -1.842037299331812960e-08 -2.051786722141850476e-08 -2.247908902031986139e-08 -2.064273396363253076e-08 -2.657524343328387468e-08 -2.938251420196233690e-08 -5.064882482824180182e-09 -1.055019678856552013e-08 -1.415495286188056259e-08 -1.711595880694804845e-08 -1.968002510107237805e-08 -2.207320263852414726e-08 -2.436412115556339220e-08 -2.670239843811088866e-08 -2.938251420196233690e-08 -3.305928317311039253e-08
-1.882539104373149751e-09 -3.110372306191786641e-09 -3.569902002894673952e-09 -3.849649864882150292e-09 -4.047424513166125714e-09 -4.205882260187580672e-09 -4.340190346450192234e-09 -4.464105784042180628e-09 -4.594227852953236932e-09 -4.760012207125346891e-09 -3.110372306191786641e-09 -5.702484769411096921e-09 -6.885556166502004616e-09 -7.633450051122292140e-09 -8.166118032947450527e-09 -8.593343152368706744e-09 -8.955497663037081568e-09 -9.289631721143364316e-09 -9.640502130164999092e-09 -1.008755856934700160e-08 -3.569902002894673952e-09 -6.885556166502004616e-09 -8.603657443789064386e-09 -9.756467884089743472e-09 -1.059479861649106501e-08 -1.127073527777908868e-08 -1.184426550364912743e-08 -1.237348136608528944e-08 -1.292920941630144032e-08 -1.363730231538260838e-08 -3.849649864882150292e-09 -7.633450051122292140e-09 -9.756467884089743472e-09 -1.126244064081211868e-08 -1.239346122466875460e-08 -1.331764704954836074e-08 -1.410374021218520257e-08 -1.483066740946363983e-08 -1.559406967314975496e-08 -1.656679876441282469e-08 -4.047424513166125714e-09 -8.166118032947450527e-09 -1.059479861649106501e-08 -1.239346122466875460e-08 -1.379222975179380565e-08 -1.496014607968601733e-08 -1.596454797718322455e-08 -1.689467098320061797e-08 -1.787193090025856240e-08 -1.911721789136923061e-08 -4.205882260187580672e-09 -8.593343152368706744e-09 -1.127073527777908868e-08 -1.331764704954836074e-08 -1.496014607968601733e-08 -1.636813558389562886e-08 -1.759975563518374713e-08 -1.874912603654090718e-08 -1.995921995689958964e-08 -2.150160106986919160e-08 -4.340190346450192234e-09 -8.955497663037081568e-09 -1.184426550364912743e-08 -1.410374021218520257e-08 -1.596454797718322455e-08 -1.759975563518374713e-08 -1.906211301967517099e-08 -2.044712339293458454e-08 -2.191439045198337044e-08 -2.378645545982896285e-08 -4.464105784042180628e-09 -9.289631721143364316e-09 -1.237348136608528944e-08 -1.483066740946363983e-08 -1.689467098320061797e-08 -1.874912603654090718e-08 -2.044712339293458454e-08 -1.988100185953060221e-08 -2.163750876806077697e-08 -2.612502655867555467e-08 -4.594227852953236932e-09 -9.640502130164999092e-09 -1.292920941630144032e-08 -1.559406967314975496e-08 -1.787193090025856240e-08 -1.995921995689958964e-08 -2.191439045198337044e-08 -2.163750876806077697e-08 -2.600545227540176337e-08 -2.880951481522790745e-08 -4.760012207125346891e-09 -1.008755856934700160e-08 -1.363730231538260838e-08 -1.656679876441282469e-08 -1.911721789136923061e-08 -2.150160106986919160e-08 -2.378645545982896285e-08 -2.612502655867555467e-08 -2.880951481522790745e-08 -3.249706060515195140e-08
-1.722466185196655172e-09 -2.882939508457641163e-09 -3.321734458908777008e-09 -3.588993052949760983e-09 -3.777946942097746354e-09 -3.929338020174639198e-09 -4.057656459602957623e-09 -4.176045723636315574e-09 -4.300364822842798693e-09 -4.458756585336331641e-09 -2.882939508457641163e-09 -5.363483148209895895e-09 -6.513367682191874998e-09 -7.238830105699855043e-09 -7.755666735725032071e-09 -8.170211386696547771e-09 -8.521618386450115782e-09 -8.845836592766070087e-09 -9.186294487099903192e-09 -9.620085439326045882e-09 -3.321734458908777008e-09 -6.513367682191874998e-09 -8.187270495805387950e-09 -9.313490803382086452e-09 -1.013314311234060476e-08 -1.079414606924935144e-08 -1.135502429092141905e-08 -1.187256787183662045e-08 -1.241603905633414234e-08 -1.310851658825670533e-08 -3.588993052949760983e-09 -7.238830105699855043e-09 -9.313490803382086452e-09 -1.079067764072266431e-08 -1.190173399927199921e-08 -1.280510359471229868e-08 -1.357892301518725174e-08 -1.429351019155592344e-08 -1.504395527357096357e-08 -1.600017686178536692e-08 -3.777946942097746354e-09 -7.755666735725032071e-09 -1.013314311234060476e-08 -1.190173399927199921e-08 -1.327525855468038340e-08 -1.390508420592862660e-08 -1.542310641966809448e-08 -1.634095627396288699e-08 -1.730533604600559498e-08 -1.853421459552906693e-08 -3.929338020174639198e-09 -8.170211386696547771e-09 -1.079414606924935144e-08 -1.280510359471229868e-08 -1.390508420592862660e-08 -1.582450040142545783e-08 -1.704339404252729653e-08 -1.818119697985613616e-08 -1.937919062665513645e-08 -2.090616364101829303e-08 -4.057656459602957623e-09 -8.521618386450115782e-09 -1.135502429092141905e-08 -1.357892301518725174e-08 -1.542310641966809448e-08 -1.704339404252729653e-08 -1.849404468196614848e-08 -1.986435663295821038e-08 -2.132108135734161317e-08 -2.318021813831007414e-08 -4.176045723636315574e-09 -8.845836592766070087e-09 -1.187256787183662045e-08 -1.429351019155592344e-08 -1.634095627396288699e-08 -1.818119697985613616e-08 -1.986435663295821038e-08 -2.149975368980685500e-08 -2.325887700586003914e-08 -2.551583148087089168e-08 -4.300364822842798693e-09 -9.186294487099903192e-09 -1.241603905633414234e-08 -1.504395527357096357e-08 -1.730533604600559498e-08 -1.937919062665513645e-08 -2.132108135734161317e-08 -2.325887700586003914e-08 -2.540133199183927784e-08 -2.820113243231805048e-08 -4.458756585336331641e-09 -9.620085439326045882e-09 -1.310851658825670533e-08 -1.600017686178536692e-08 -1.853421459552906693e-08 -2.090616364101829303e-08 -2.318021813831007414e-08 -2.551583148087089168e-08 -2.820113243231805048e-08 -3.189479170204282857e-08
-1.565235851908056883e-09 -2.660502845385898183e-09 -3.078195475858061110e-09 -3.332737117048744689e-09 -3.512709101326825500e-09 -3.656904388277242902e-09 -3.779123738380791663e-09 -3.891885853903442366e-09 -4.010295952393051760e-09 -4.161159965424503590e-09 -2.660502845385898183e-09 -5.027841917475411013e-09 -6.133587525533498562e-09 -6.835524553669812213e-09 -7.343771417164971505e-09 -7.744990848833052069e-09 -8.085103798230865086e-09 -8.398901899714650612e-09 -8.728417770498257337e-09 -9.148268473292907063e-09 -3.078195475858061110e-09 -6.133587525533498562e-09 -7.768552887856902285e-09 -8.866278609893620359e-09 -9.665870144954919033e-09 -1.031082594849607191e-08 -1.085810765023837270e-08 -1.136310744516169743e-08 -1.189340660385090619e-08 -1.256910259297337651e-08 -3.332737117048744689e-09 -6.835524553669812213e-09 -8.866278609893620359e-09 -1.112986174093322285e-08 -1.139332378838327284e-08 -1.228445840583607675e-08 -1.304357240719038680e-08 -1.374459908410051784e-08 -1.448080530962841036e-08 -1.541888616884358454e-08 -3.512709101326825500e-09 -7.343771417164971505e-09 -9.665870144954919033e-09 -1.139332378838327284e-08 -1.274923844109317190e-08 -1.388367484337762199e-08 -1.485970018077312214e-08 -1.576384965889381679e-08 -1.671383031945435873e-08 -1.792436767179447649e-08 -3.656904388277242902e-09 -7.744990848833052069e-09 -1.031082594849607191e-08 -1.228445840583607675e-08 -1.388367484337762199e-08 -1.525794575832383756e-08 -1.646219210915682863e-08 -1.758666473860752474e-08 -1.877065256613756655e-08 -2.027980009221280698e-08 -3.779123738380791663e-09 -8.085103798230865086e-09 -1.085810765023837270e-08 -1.304357240719038680e-08 -1.485970018077312214e-08 -1.646219210915682863e-08 -1.789920196706778108e-08 -1.926136783372396597e-08 -2.070517601468365592e-08 -2.254790301935540098e-08 -3.891885853903442366e-09 -8.398901899714650612e-09 -1.136310744516169743e-08 -1.374459908410051784e-08 -1.576384965889381679e-08 -1.758666473860752474e-08 -1.926136783372396597e-08 -2.088574354292354863e-08 -2.263392031233599804e-08 -2.487718209494387356e-08 -4.010295952393051760e-09 -8.728417770498257337e-09 -1.189340660385090619e-08 -1.448080530962841036e-08 -1.671383031945435873e-08 -1.877065256613756655e-08 -2.070517601468365592e-08 -2.263392031233599804e-08 -2.476855257230280477e-08 -2.755958784737516907e-08 -4.161159965424503590e-09 -9.148268473292907063e-09 -1.256910259297337651e-08 -1.541888616884358454e-08 -1.792436767179447649e-08 -2.027980009221280698e-08 -2.254790301935540098e-08 -2.487718209494387356e-08 -2.755958784737516907e-08 -3.125448593539789483e-08
-1.414254529060775983e-09 -2.444197028879776285e-09 -2.830667242207844127e-09 -3.072371858849042102e-09 -3.243283723775348702e-09 -3.380220163847471001e-09 -3.496287102510158188e-09 -3.603372840559675337e-09 -3.715822025733861322e-09 -3.859092477975804713e-09 -2.444197028879776285e-09 -4.698254351689022704e-09 -5.763436293814876252e-09 -6.440762007011258780e-09 -6.923684081634624901e-09 -7.311042068245148669e-09 -7.639409452354823165e-09 -7.942370766758342524e-09 -8.260506358734118321e-09 -8.665859196634802051e-09 -2.830667242207844127e-09 -5.763436293814876252e-09 -7.349274464773525944e-09 -8.416659272854255797e-09 -9.186319380287071279e-09 -9.814265915990636841e-09 -1.034713910249132204e-08 -1.083884381701622866e-08 -1.135518103514809162e-08 -1.201309021232096316e-08 -3.072371858849042102e-09 -6.440762007011258780e-09 -8.416659272854255797e-09 -9.820611967639484562e-09 -1.088554736801144041e-08 -1.175776445232098640e-08 -1.250087225750457663e-08 -1.318713756693197113e-08 -1.390784384693403046e-08 -1.482617695699060845e-08 -3.243283723775348702e-09 -6.923684081634624901e-09 -9.186319380287071279e-09 -1.088554736801144041e-08 -1.221635616545333382e-08 -1.333097391635507332e-08 -1.429032518267098837e-08 -1.517912808288666803e-08 -1.611299996208574658e-08 -1.730301456008456913e-08 -3.380220163847471001e-09 -7.311042068245148669e-09 -9.814265915990636841e-09 -1.175776445232098640e-08 -1.333097391635507332e-08 -1.468505682345844220e-08 -1.587255999670428211e-08 -1.698173086494452045e-08 -1.814969090703601761e-08 -1.963842487882132917e-08 -3.496287102510158188e-09 -7.639409452354823165e-09 -1.034713910249132204e-08 -1.250087225750457663e-08 -1.429032518267098837e-08 -1.587255999670428211e-08 -1.729317829800672666e-08 -1.864064417434707485e-08 -2.006919430337560494e-08 -2.189252533501496441e-08 -3.603372840559675337e-09 -7.942370766758342524e-09 -1.083884381701622866e-08 -1.318713756693197113e-08 -1.517912808288666803e-08 -1.698173086494452045e-08 -1.864064417434707485e-08 -2.025142582830029115e-08 -2.198591794672408547e-08 -2.421198596953202060e-08 -3.715822025733861322e-09 -8.260506358734118321e-09 -1.135518103514809162e-08 -1.390784384693403046e-08 -1.611299996208574658e-08 -1.814969090703601761e-08 -2.006919430337560494e-08 -2.198591794672408547e-08 -2.410952037974514083e-08 -2.688765357176515367e-08 -3.859092477975804713e-09 -8.665859196634802051e-09 -1.201309021232096316e-08 -1.482617695699060845e-08 -1.730301456008456913e-08 -1.963842487882132917e-08 -2.189252533501496441e-08 -2.421198596953202060e-08 -2.688765357176515367e-08 -3.057871725817945183e-08
-1.261753921405713834e-09 -2.227063324742452131e-09 -2.601972159594146280e-09 -2.830667412872285776e-09 -2.992390183529565011e-09 -3.121964785444705074e-09 -3.231791879876251054e-09 -3.333120607667919144e-09 -3.439524449944532061e-09 -3.575093256020858781e-09 -2.227063324742452131e-09 -4.383237337855288582e-09 -5.399807827383386020e-09 -6.051552432684655337e-09 -6.516394103557882628e-09 -6.889267638585445016e-09 -7.205358276639616205e-09 -7.496992825141762885e-09 -7.803234355499032078e-09 -8.193433645279832212e-09 -2.601972159594146280e-09 -5.399807827383386020e-09 -6.923873420177516611e-09 -7.960119515801141403e-09 -8.715648061852923686e-09 -9.325431142408679050e-09 -9.842912116185483709e-09 -1.032041613442947830e-08 -1.082184145923032893e-08 -1.146075189663733000e-08 -2.830667412872285776e-09 -6.051552432684655337e-09 -7.960119515801141403e-09 -9.336347797310554634e-09 -1.037571352379594083e-08 -1.122751747199051276e-08 -1.195334620864129686e-08 -1.262367496578003110e-08 -1.332764717397274747e-08 -1.422465985291998223e-08 -2.992390183529565011e-09 -6.516394103557882628e-09 -8.715648061852923686e-09 -1.037571352379594083e-08 -1.167910301245140547e-08 -1.277197889759402115e-08 -1.371300710119293578e-08 -1.458493764723604750e-08 -1.550109794718626401e-08 -1.666854727044573489e-08 -3.121964785444705074e-09 -6.889267638585445016e-09 -9.325431142408679050e-09 -1.122751747199051276e-08 -1.277197889759402115e-08 -1.410354750640415286e-08 -1.527228621164877887e-08 -1.636427491364649167e-08 -1.751422926367010094e-08 -1.898002876805621486e-08 -3.231791879876251054e-09 -7.205358276639616205e-09 -9.842912116185483709e-09 -1.195334620864129686e-08 -1.371300710119293578e-08 -1.527228621164877887e-08 -1.667412944815044403e-08 -1.800465607596872170e-08 -1.941558339329769580e-08 -2.121650232691168844e-08 -3.333120607667919144e-09 -7.496992825141762885e-09 -1.032041613442947830e-08 -1.262367496578003110e-08 -1.458493764723604750e-08 -1.636427491364649167e-08 -1.800465607596872170e-08 -1.959922936319051503e-08 -2.131725112959507033e-08 -2.352256217987974581e-08 -3.439524449944532061e-09 -7.803234355499032078e-09 -1.082184145923032893e-08 -1.332764717397274747e-08 -1.550109794718626401e-08 -1.751422926367010094e-08 -1.941558339329769580e-08 -2.131725112959507033e-08 -2.342653721888122464e-08 -2.618752401362683092e-08 -3.575093256020858781e-09 -8.193433645279832212e-09 -1.146075189663733000e-08 -1.422465985291998223e-08 -1.666854727044573489e-08 -1.898002876805621486e-08 -2.121650232691168844e-08 -2.352256217987974581e-08 -2.618752401362683092e-08 -2.986949797440312184e-08
