4.379141820223835981e-09 5.388829219301352637e-09 5.697446562893478182e-09 5.883515096235048622e-09 6.014949554340717178e-09 6.120249087611649689e-09 6.209499105235513784e-09 6.291843618677234446e-09 6.378312674782862707e-09 6.488450706451831431e-09 5.388829219301352637e-09 6.928611608365627242e-09 7.448560940564871116e-09 7.765536042534198693e-09 1.195568605215543548e-08 8.206370162152459976e-09 8.358713153087758673e-09 8.499268722053740404e-09 8.646863433874916244e-09 8.834879120742168166e-09 5.697446562893478182e-09 7.448560940564871116e-09 8.113456138017210426e-09 8.503520164949581922e-09 8.780922260084337729e-09 9.003452207860501985e-09 9.192103267887907649e-09 9.366160421648323279e-09 9.548934871582510259e-09 9.781774922506668502e-09 5.883515096235048622e-09 7.765536042534198693e-09 8.503520164949581922e-09 8.947090844460289369e-09 9.265316191631908852e-09 9.521429532883565310e-09 9.738713113019966692e-09 9.939213942714022834e-09 1.014975911856909554e-08 1.041798438279851384e-08 6.014949554340717178e-09 1.195568605215543548e-08 8.780922260084337729e-09 9.265316191631908852e-09 9.616477168203099296e-09 9.900627269752343367e-09 1.014218907043651675e-08 1.036521938589801411e-08 1.059944083549676792e-08 1.089783621932734313e-08 6.120249087611649689e-09 8.206370162152459976e-09 9.003452207860501985e-09 9.521429532883565310e-09 9.900627269752343367e-09 1.020958333420604380e-08 1.047329965923012889e-08 1.071716921422762262e-08 1.097336800543156228e-08 1.129978086490303092e-08 6.209499105235513784e-09 8.358713153087758673e-09 9.192103267887907649e-09 9.738713113019966692e-09 1.014218907043651675e-08 1.047329965923012889e-08 1.075749068802999266e-08 1.102111904815120728e-08 1.129840979216001649e-08 1.165177410642950268e-08 6.291843618677234446e-09 8.499268722053740404e-09 9.366160421648323279e-09 9.939213942714022834e-09 1.036521938589801411e-08 1.071716921422762262e-08 1.102111904815120728e-08 1.130450392589615301e-08 1.160345760153690326e-08 1.198477941941283406e-08 6.378312674782862707e-09 8.646863433874916244e-09 9.548934871582510259e-09 1.014975911856909554e-08 1.059944083549676792e-08 1.097336800543156228e-08 1.129840979216001649e-08 1.160345760153690326e-08 1.192712383052383276e-08 1.234135241836260654e-08 6.488450706451831431e-09 8.834879120742168166e-09 9.781774922506668502e-09 1.041798438279851384e-08 1.089783621932734313e-08 1.129978086490303092e-08 1.165177410642950268e-08 1.198477941941283406e-08 1.234135241836260654e-08 1.280225325720581839e-08
4.359571303619565005e-09 5.394189277531944163e-09 5.711902255620696799e-09 5.903479155247696367e-09 6.038805862575198865e-09 6.147223689647815336e-09 6.239116811341595463e-09 6.323899870415867627e-09 6.412929627385951591e-09 6.526330659250256920e-09 5.394189277531944163e-09 6.985154686328872376e-09 7.530151472346500704e-09 7.859845335997005245e-09 8.093142354660653164e-09 8.280083753190169029e-09 8.438536943837104866e-09 8.584729896287354045e-09 8.738244366033694642e-09 8.933803282252112991e-09 5.711902255620696799e-09 7.530151472346500704e-09 8.186092770502644510e-09 8.593995426787786789e-09 8.884179333485576081e-09 9.116978362168753642e-09 9.314337139152900043e-09 9.496428519042753587e-09 9.687639641363713849e-09 9.931230005222492728e-09 5.903479155247696367e-09 7.859845335997005245e-09 8.593995426787786789e-09 9.059407173620240173e-09 9.393539361552221638e-09 9.662514217670072659e-09 9.890720345385951855e-09 1.010130175321373068e-08 1.032243273644735657e-08 1.060414683553828705e-08 6.038805862575198865e-09 8.093142354660653164e-09 8.884179333485576081e-09 9.393539361552221638e-09 9.763223345563800960e-09 1.006250059117142039e-08 1.031696034621897274e-08 1.055190806953589387e-08 1.079864622909616010e-08 1.111299109446700588e-08 6.147223689647815336e-09 8.280083753190169029e-09 9.116978362168753642e-09 9.662514217670072659e-09 1.006250059117142039e-08 1.038864466528407886e-08 1.066712850121192722e-08 1.092468477083594326e-08 1.119526901634372410e-08 1.154001420557283225e-08 6.239116811341595463e-09 8.438536943837104866e-09 9.314337139152900043e-09 9.890720345385951855e-09 1.031696034621897274e-08 1.066712850121192722e-08 1.096785816527063054e-08 1.124690557130778238e-08 1.154044075342203310e-08 1.191451518320727615e-08 6.323899870415867627e-09 8.584729896287354045e-09 9.496428519042753587e-09 1.010130175321373068e-08 1.055190806953589387e-08 1.092468477083594326e-08 1.124690557130778238e-08 1.154748281289108622e-08 1.186465082436926550e-08 1.226923555044180083e-08 6.412929627385951591e-09 8.738244366033694642e-09 9.687639641363713849e-09 1.032243273644735657e-08 1.079864622909616010e-08 1.119526901634372410e-08 1.154044075342203310e-08 1.186465082436926550e-08 1.220883407369769674e-08 1.264943336436417792e-08 6.526330659250256920e-09 8.933803282252112991e-09 9.931230005222492728e-09 1.060414683553828705e-08 1.111299109446700588e-08 1.154001420557283225e-08 1.191451518320727615e-08 1.226923555044180083e-08 1.264943336436417792e-08 1.314125790860307492e-08
4.338251694115616321e-09 5.362342366907169129e-09 5.687561275925366689e-09 5.883693462845845914e-09 6.022239823564356935e-09 6.133236644998590954e-09 6.227316752804962174e-09 6.314117525370023681e-09 6.405265189869757544e-09 6.521365612838547901e-09 5.362342366907169129e-09 6.997778558912812118e-09 7.558760092221891344e-09 7.901123615374235723e-09 8.143410207935614042e-09 8.337557171377521979e-09 8.502118061338923387e-09 8.653946089669652640e-09 8.813377896804055946e-09 9.016477100814495981e-09 5.687561275925366689e-09 7.558760092221891344e-09 8.242765596493936560e-09 8.668749995951847021e-09 8.971903810833496778e-09 9.215125523278128453e-09 9.421322593626383845e-09 9.611568704179730535e-09 9.811343044081733126e-09 1.006584511916916709e-08 5.883693462845845914e-09 7.901123615374235723e-09 8.668749995951847021e-09 9.156475322256115310e-09 9.506893391493598302e-09 9.789045475072418036e-09 1.002844393277651206e-08 1.024935515394104367e-08 1.048133369727300573e-08 1.077687032511572249e-08 6.022239823564356935e-09 8.143410207935614042e-09 8.971903810833496778e-09 9.506893391493598302e-09 9.895655161705287092e-09 1.021053354219776838e-08 1.047830083276948410e-08 1.072554563149028645e-08 1.098519942653203930e-08 1.131600228520552000e-08 6.133236644998590954e-09 8.337557171377521979e-09 9.215125523278128453e-09 9.789045475072418036e-09 1.021053354219776838e-08 1.055449167408269365e-08 1.084829400945023741e-08 1.112005160848847075e-08 1.140556301383295067e-08 1.176933114599732584e-08 6.227316752804962174e-09 8.502118061338923387e-09 9.421322593626383845e-09 1.002844393277651206e-08 1.047830083276948410e-08 1.084829400945023741e-08 1.116625208242789271e-08 1.146137101557056496e-08 1.177184106262708832e-08 1.216750663501636690e-08 6.314117525370023681e-09 8.653946089669652640e-09 9.611568704179730535e-09 1.024935515394104367e-08 1.072554563149028645e-08 1.112005160848847075e-08 1.146137101557056496e-08 1.177993770571170720e-08 1.211617307901060432e-08 1.254511329303357973e-08 6.405265189869757544e-09 8.813377896804055946e-09 9.811343044081733126e-09 1.048133369727300573e-08 1.098519942653203930e-08 1.140556301383295067e-08 1.177184106262708832e-08 1.211617307901060432e-08 1.248192079929748553e-08 1.295024914846888472e-08 6.521365612838547901e-09 9.016477100814495981e-09 1.006584511916916709e-08 1.077687032511572249e-08 1.131600228520552000e-08 1.176933114599732584e-08 1.216750663501636690e-08 1.254511329303357973e-08 1.295024914846888472e-08 1.347475694089483357e-08
4.317287087909398352e-09 5.317072255863014427e-09 5.650050213293661404e-09 5.850891215800703782e-09 5.992765352279254760e-09 6.106428339958475971e-09 6.202768280958186443e-09 6.291653992300470422e-09 6.384991043472947966e-09 6.503881767673475850e-09 5.317072255863014427e-09 6.998342205625078726e-09 7.579672269189671669e-09 7.934693889346411290e-09 8.185964451737271917e-09 8.387312757762362656e-09 8.557977794769487979e-09 8.715437622683727104e-09 8.880783327910553520e-09 9.091418504002807593e-09 5.650050213293661404e-09 7.579672269189671669e-09 8.291962242760834021e-09 8.736231301469174235e-09 9.052511786986131158e-09 9.306284367292751252e-09 9.521428739525458106e-09 9.719930189114727915e-09 9.928373397703678337e-09 1.019392188120776516e-08 5.850891215800703782e-09 7.934693889346411290e-09 8.736231301469174235e-09 9.246664335449709120e-09 9.613685239480561193e-09 9.909279475520298846e-09 1.016009695061902553e-08 1.039154748147524819e-08 1.063459360924085658e-08 1.094423320975491133e-08 5.992765352279254760e-09 8.185964451737271917e-09 9.052511786986131158e-09 9.613685239480561193e-09 1.002199145053166547e-08 1.035287248879173994e-08 1.063429562095799003e-08 1.089416075982469439e-08 1.116706990403684400e-08 1.151476373996715035e-08 6.106428339958475971e-09 8.387312757762362656e-09 9.306284367292751252e-09 9.909279475520298846e-09 1.035287248879173994e-08 1.071518070639008937e-08 1.102477713744829064e-08 1.131118159294868844e-08 1.161208940391310401e-08 1.199547869273906940e-08 6.202768280958186443e-09 8.557977794769487979e-09 9.521428739525458106e-09 1.016009695061902553e-08 1.063429562095799003e-08 1.102477713744829064e-08 1.136056731837775721e-08 1.167233201582473954e-08 1.200034553557271451e-08 1.241837901166068317e-08 6.291653992300470422e-09 8.715437622683727104e-09 9.719930189114727915e-09 1.039154748147524819e-08 1.089416075982469439e-08 1.131118159294868844e-08 1.167233201582473954e-08 1.200959972645496922e-08 1.236566674216021559e-08 1.281994223579709111e-08 6.384991043472947966e-09 8.880783327910553520e-09 9.928373397703678337e-09 1.063459360924085658e-08 1.116706990403684400e-08 1.161208940391310401e-08 1.200034553557271451e-08 1.236566674216021559e-08 1.275393197898907750e-08 1.325122902331214753e-08 6.503881767673475850e-09 9.091418504002807593e-09 1.019392188120776516e-08 1.094423320975491133e-08 1.151476373996715035e-08 1.199547869273906940e-08 1.241837901166068317e-08 1.281994223579709111e-08 1.325122902331214753e-08 1.381005829357949652e-08
4.293983568965609479e-09 5.268224415378414195e-09 5.608671605727858807e-09 5.814049404185415626e-09 5.959129965203468673e-09 6.075361904281411767e-09 6.173879280180675563e-09 6.264773908621300761e-09 6.360220517018731083e-09 6.481799848464603525e-09 5.268224415378414195e-09 6.994125110788999251e-09 7.595720176979319503e-09 7.963375420533372807e-09 8.223615701041310847e-09 8.432154194550337440e-09 8.608913946197728056e-09 8.771996873118709363e-09 8.943247340204849466e-09 9.161406887908588910e-09 5.608671605727858807e-09 7.595720176979319503e-09 8.336488997080184494e-09 8.799242567501016208e-09 9.128805596402577742e-09 9.393256277269755827e-09 9.617456086515454678e-09 9.824312667669306195e-09 1.004152953751249396e-08 1.031825800762775966e-08 5.814049404185415626e-09 7.963375420533372807e-09 8.799242567501016208e-09 9.332788888902202913e-09 9.716738041290943193e-09 1.002604464015215185e-08 1.028851176929879144e-08 1.053071462714075392e-08 1.078505204978775655e-08 1.110907973899657071e-08 5.959129965203468673e-09 8.223615701041310847e-09 9.128805596402577742e-09 9.716738041290943193e-09 1.014506697321859900e-08 1.049235655986125609e-08 1.078778509853788849e-08 1.106059433960921636e-08 1.134709901273069088e-08 1.171211737807759647e-08 6.075361904281411767e-09 8.432154194550337440e-09 9.393256277269755827e-09 1.002604464015215185e-08 1.049235655986125609e-08 1.087354779182336273e-08 1.119940423367326512e-08 1.150089011435582335e-08 1.181765190800753868e-08 1.222124567387179433e-08 6.173879280180675563e-09 8.608913946197728056e-09 9.617456086515454678e-09 1.028851176929879144e-08 1.078778509853788849e-08 1.119940423367326512e-08 1.155360485310076530e-08 1.188256224842959580e-08 1.222869892251385928e-08 1.266984021087347343e-08 6.264773908621300761e-09 8.771996873118709363e-09 9.824312667669306195e-09 1.053071462714075392e-08 1.106059433960921636e-08 1.150089011435582335e-08 1.188256224842959580e-08 1.223919835950532513e-08 1.261581478918927131e-08 1.309634634074516648e-08 6.360220517018731083e-09 8.943247340204849466e-09 1.004152953751249396e-08 1.078505204978775655e-08 1.134709901273069088e-08 1.181765190800753868e-08 1.222869892251385928e-08 1.261581478918927131e-08 1.302748651499081493e-08 1.355491183265890339e-08 6.481799848464603525e-09 9.161406887908588910e-09 1.031825800762775966e-08 1.110907973899657071e-08 1.171211737807759647e-08 1.222124567387179433e-08 1.266984021087347343e-08 1.309634634074516648e-08 1.355491183265890339e-08 1.414959927583418042e-08
4.261176949720048396e-09 5.225088631526992052e-09 5.572816391605111761e-09 5.782619798689056839e-09 5.930828400309762790e-09 6.049566496590854874e-09 6.150208083372113572e-09 6.243062527265605228e-09 6.340567129113488193e-09 6.464769310088590452e-09 5.225088631526992052e-09 6.994757903261157600e-09 7.616595381929648627e-09 7.996896576904173189e-09 8.266118406988958903e-09 8.481856851700181385e-09 8.664719619538219600e-09 8.833433310416471612e-09 9.010596585550485672e-09 9.236290714446645680e-09 5.572816391605111761e-09 7.616595381929648627e-09 8.386082643611955934e-09 8.867549029984813037e-09 9.210571408436280652e-09 9.485844505657814245e-09 9.719222433387935060e-09 9.934547374470407722e-09 1.016065680504261270e-08 1.044871673046815279e-08 5.782619798689056839e-09 7.996896576904173189e-09 8.867549029984813037e-09 9.424640421778634406e-09 9.825865158474654603e-09 1.014917351567145400e-08 1.042353773431162827e-08 1.067672156924508156e-08 1.094259042315214601e-08 1.128131216303568450e-08 5.930828400309762790e-09 8.266118406988958903e-09 9.210571408436280652e-09 9.825865158474654603e-09 1.027472242271107938e-08 1.063885348952304100e-08 1.094866243240391299e-08 1.123476374430372426e-08 1.153522963551919254e-08 1.191803850953730506e-08 6.049566496590854874e-09 8.481856851700181385e-09 9.485844505657814245e-09 1.014917351567145400e-08 1.063885348952304100e-08 1.103950091339061778e-08 1.138212485919470133e-08 1.169916766271897303e-08 1.203228446435836021e-08 1.245672135961101153e-08 6.150208083372113572e-09 8.664719619538219600e-09 9.719222433387935060e-09 1.042353773431162827e-08 1.094866243240391299e-08 1.138212485919470133e-08 1.175537710504667638e-08 1.210213841307319507e-08 1.246704715456886863e-08 1.293212456467698201e-08 6.243062527265605228e-09 8.833433310416471612e-09 9.934547374470407722e-09 1.067672156924508156e-08 1.123476374430372426e-08 1.169916766271897303e-08 1.210213841307319507e-08 1.247890220176007560e-08 1.287688696928201646e-08 1.338472519205180231e-08 6.340567129113488193e-09 9.010596585550485672e-09 1.016065680504261270e-08 1.094259042315214601e-08 1.153522963551919254e-08 1.203228446435836021e-08 1.246704715456886863e-08 1.287688696928201646e-08 1.331299392336929280e-08 1.387188851629260522e-08 6.464769310088590452e-09 9.236290714446645680e-09 1.044871673046815279e-08 1.128131216303568450e-08 1.191803850953730506e-08 1.245672135961101153e-08 1.293212456467698201e-08 1.338472519205180231e-08 1.387188851629260522e-08 1.450422488478830332e-08
4.067074567142822611e-09 5.192507009819875228e-09 5.547353645089355650e-09 5.761487572622908510e-09 5.912757190766058846e-09 6.033947749877579275e-09 6.136668036391383241e-09 6.231440311514783674e-09 6.330958815823469486e-09 6.457727568060602595e-09 5.192507009819875228e-09 7.005113551711192992e-09 7.647142551991846478e-09 8.040083182427366380e-09 8.318284974251045730e-09 8.541222430873416152e-09 8.730187452326197767e-09 8.904531211255084734e-09 9.087606559837888515e-09 5.298542844144071494e-09 5.547353645089355650e-09 7.647142551991846478e-09 8.616315870908007208e-09 9.118389961124464580e-09 9.476276980450529777e-09 9.763499580291839487e-09 1.000700870710264853e-08 1.023168168681109947e-08 1.046760858366786389e-08 1.076817628656168580e-08 5.761487572622908510e-09 8.040083182427366380e-09 9.118389961124464580e-09 9.526908109185716987e-09 9.945723157945531796e-09 1.028329969063228684e-08 1.056978957146848640e-08 1.083416572130213199e-08 1.111178796884564754e-08 1.146548652010696901e-08 5.912757190766058846e-09 8.318284974251045730e-09 9.476276980450529777e-09 9.945723157945531796e-09 1.041558791094606922e-08 1.079698019037912613e-08 1.112153552227018803e-08 1.142126900873225113e-08 1.173605358243910504e-08 1.213710842213708984e-08 6.033947749877579275e-09 8.541222430873416152e-09 9.763499580291839487e-09 1.028329969063228684e-08 1.079698019037912613e-08 1.121765861679201984e-08 1.157756442102978292e-08 1.191064730963858145e-08 1.226062829265908842e-08 1.270655731161514648e-08 6.136668036391383241e-09 8.730187452326197767e-09 1.000700870710264853e-08 1.056978957146848640e-08 1.112153552227018803e-08 1.157756442102978292e-08 1.197053420888685680e-08 1.233573598834842717e-08 1.272009248816900324e-08 1.320996841010884889e-08 6.231440311514783674e-09 8.904531211255084734e-09 1.023168168681109947e-08 1.083416572130213199e-08 1.142126900873225113e-08 1.191064730963858145e-08 1.233573598834842717e-08 1.273342954939873172e-08 1.315364673961701943e-08 1.368989978923908498e-08 6.330958815823469486e-09 9.087606559837888515e-09 1.046760858366786389e-08 1.111178796884564754e-08 1.173605358243910504e-08 1.226062829265908842e-08 1.272009248816900324e-08 1.315364673961701943e-08 1.361528227930637842e-08 1.420707006382921850e-08 6.457727568060602595e-09 5.298542844144071494e-09 1.076817628656168580e-08 1.146548652010696901e-08 1.213710842213708984e-08 1.270655731161514648e-08 1.320996841010884889e-08 1.368989978923908498e-08 1.420707006382921850e-08 1.487896556425713468e-08
4.028162885573046538e-09 5.169720191440827475e-09 5.531471983257018965e-09 5.749810096840357883e-09 5.904051655593929873e-09 6.027623317048328219e-09 6.132361818440178021e-09 6.228996124925823304e-09 6.330469933614105804e-09 6.459730499265779329e-09 5.169720191440827475e-09 7.024139434240554487e-09 7.686198258521012122e-09 8.091707186887039832e-09 8.378841970137225827e-09 8.608941109303161992e-09 4.186219208163778611e-09 9.114387681646024487e-09 9.303946675161400398e-09 9.545434504970314864e-09 5.531471983257018965e-09 7.686198258521012122e-09 8.642179607096111065e-09 9.162812313991176517e-09 9.534088479259181962e-09 9.832082967625340261e-09 1.008472814409593800e-08 1.031783076980107097e-08 1.056260957127983383e-08 1.087445710303664331e-08 5.749810096840357883e-09 8.091707186887039832e-09 9.162812313991176517e-09 9.638167800515889949e-09 1.007483709087572328e-08 1.042690501527961822e-08 1.072571198869396013e-08 1.100145743450755376e-08 1.129101895103136212e-08 1.165993109916603259e-08 5.904051655593929873e-09 8.378841970137225827e-09 9.534088479259181962e-09 1.007483709087572328e-08 1.056612873482640792e-08 1.096514754017318280e-08 1.130476715209774198e-08 1.161842803769647603e-08 1.194784154323864930e-08 1.236753764219188253e-08 6.027623317048328219e-09 8.608941109303161992e-09 9.832082967625340261e-09 1.042690501527961822e-08 1.096514754017318280e-08 6.573069587979905377e-09 6.921451674732636237e-09 7.244906206349431336e-09 1.263734641944785712e-08 1.310613428180905408e-08 6.132361818440178021e-09 4.186219208163778611e-09 1.008472814409593800e-08 1.072571198869396013e-08 1.130476715209774198e-08 6.921451674732636237e-09 1.219726946472610851e-08 1.258146521526592064e-08 1.298585578264658948e-08 1.350127849660072513e-08 6.228996124925823304e-09 9.114387681646024487e-09 1.031783076980107097e-08 1.100145743450755376e-08 1.161842803769647603e-08 7.244906206349431336e-09 1.258146521526592064e-08 1.300078052037710760e-08 1.344397342222810258e-08 1.400959546263499390e-08 6.330469933614105804e-09 9.303946675161400398e-09 1.056260957127983383e-08 1.129101895103136212e-08 1.194784154323864930e-08 1.263734641944785712e-08 1.298585578264658948e-08 1.344397342222810258e-08 1.393207483671034107e-08 1.455798317984557728e-08 6.459730499265779329e-09 9.545434504970314864e-09 1.087445710303664331e-08 1.165993109916603259e-08 1.236753764219188253e-08 1.310613428180905408e-08 1.350127849660072513e-08 1.400959546263499390e-08 1.455798317984557728e-08 1.527110566820951727e-08
3.999218564182546088e-09 5.156076090422530059e-09 5.524483488910117547e-09 5.746877770677384514e-09 5.903986876643989865e-09 6.029856008678911818e-09 6.136541838847890760e-09 6.234972780429304261e-09 6.338333218420596479e-09 6.469998004555687685e-09 5.156076090422530059e-09 7.050954898588469480e-09 7.732777637506730479e-09 8.150720117079350442e-09 4.038498335548676954e-09 8.741549661153765586e-09 8.942887180223372029e-09 9.128646117686041223e-09 9.323709443546325781e-09 9.572211700753774225e-09 5.524483488910117547e-09 7.732777637506730479e-09 8.646421951867798442e-09 9.185400857208166427e-09 9.569932013013728665e-09 9.878593678739132066e-09 1.014028657254228436e-08 1.038173738338587119e-08 1.063528255484495121e-08 1.095830110726116309e-08 5.746877770677384514e-09 8.150720117079350442e-09 9.185400857208166427e-09 9.815607240627343589e-09 1.021182546565929050e-08 1.057855109795228376e-08 1.088981837256542200e-08 1.117706561303696450e-08 1.147870556889392787e-08 1.186300859428997671e-08 5.903986876643989865e-09 4.038498335548676954e-09 9.569932013013728665e-09 1.021182546565929050e-08 1.072488512817631592e-08 1.114183313152558643e-08 6.842933902741250977e-09 7.147171028390568412e-09 1.222960530605155996e-08 1.266864243814076631e-08 6.029856008678911818e-09 8.741549661153765586e-09 9.878593678739132066e-09 1.057855109795228376e-08 1.114183313152558643e-08 1.166421551042813227e-08 1.206029450729457135e-08 1.242695223658676166e-08 1.281224275727576450e-08 1.330316908477085323e-08 6.136541838847890760e-09 8.942887180223372029e-09 1.014028657254228436e-08 1.088981837256542200e-08 6.842933902741250977e-09 1.206029450729457135e-08 1.249467461417920834e-08 8.098476381641941047e-09 1.326253952681877189e-08 1.380419789175247753e-08 6.234972780429304261e-09 9.128646117686041223e-09 1.038173738338587119e-08 1.117706561303696450e-08 7.147171028390568412e-09 1.242695223658676166e-08 8.098476381641941047e-09 1.327916860978335641e-08 1.374605170555074032e-08 1.434196245266560185e-08 6.338333218420596479e-09 9.323709443546325781e-09 1.063528255484495121e-08 1.147870556889392787e-08 1.222960530605155996e-08 1.281224275727576450e-08 1.326253952681877189e-08 1.374605170555074032e-08 1.426155754019761791e-08 1.492282220435545029e-08 6.469998004555687685e-09 9.572211700753774225e-09 1.095830110726116309e-08 1.186300859428997671e-08 1.266864243814076631e-08 1.330316908477085323e-08 1.380419789175247753e-08 1.434196245266560185e-08 1.492282220435545029e-08 1.567891207144603404e-08
3.976300973217736708e-09 5.126351623121256816e-09 5.500866695505621295e-09 5.726989832803153132e-09 5.886734736739823973e-09 6.014715946782695111e-09 6.123191226036142777e-09 6.223273137196596483e-09 6.328368007597909028e-09 6.462242850423204511e-09 5.126351623121256816e-09 7.080803896009091146e-09 7.781947115302066575e-09 8.189758825203637488e-09 8.494286896760258087e-09 8.738335742343231330e-09 8.945194747599912360e-09 9.136047918305910884e-09 9.336460636375025509e-09 9.591779929657133262e-09 5.500866695505621295e-09 7.781947115302066575e-09 8.644415682254851340e-09 9.201542700829821059e-09 9.599206211631375381e-09 9.918439974567320763e-09 1.018910043617728509e-08 1.043882553175398207e-08 1.070105947352235071e-08 1.103515021469987707e-08 5.726989832803153132e-09 8.189758825203637488e-09 9.201542700829821059e-09 9.855437575558273801e-09 1.032826170969548052e-08 7.091166891275205651e-09 1.105642843188718142e-08 1.135524929644292136e-08 1.166904316490081153e-08 1.206883322505228337e-08 5.886734736739823973e-09 8.494286896760258087e-09 9.599206211631375381e-09 1.032826170969548052e-08 7.239303915171086779e-09 1.129817355125386144e-08 1.166857561014192634e-08 1.201068808783864735e-08 1.236999000430699152e-08 1.282777127542693133e-08 6.014715946782695111e-09 8.738335742343231330e-09 9.918439974567320763e-09 7.091166891275205651e-09 1.129817355125386144e-08 1.178163115679967603e-08 1.219578746186924908e-08 1.257924173531182647e-08 1.298219656529311269e-08 1.349563580357827440e-08 6.123191226036142777e-09 8.945194747599912360e-09 1.018910043617728509e-08 1.105642843188718142e-08 1.166857561014192634e-08 1.219578746186924908e-08 1.265108578342082177e-08 1.307468771125982171e-08 9.768984413016078675e-09 1.411281229882910940e-08 6.223273137196596483e-09 9.136047918305910884e-09 1.043882553175398207e-08 1.135524929644292136e-08 1.201068808783864735e-08 1.257924173531182647e-08 1.307468771125982171e-08 9.786407962994119948e-09 1.025824765142532018e-08 1.085939885825277146e-08 6.328368007597909028e-09 9.336460636375025509e-09 1.070105947352235071e-08 1.166904316490081153e-08 1.236999000430699152e-08 1.298219656529311269e-08 9.768984413016078675e-09 1.025824765142532018e-08 1.457410046382418495e-08 1.145315087042206626e-08 6.462242850423204511e-09 9.591779929657133262e-09 1.103515021469987707e-08 1.206883322505228337e-08 1.282777127542693133e-08 1.349563580357827440e-08 1.411281229882910940e-08 1.085939885825277146e-08 1.145315087042206626e-08 1.609656772266552102e-08
2.267733464803153362e-09 5.053763397632968888e-09 5.432961318871785522e-09 5.661958095639154654e-09 5.823735559825455444e-09 5.953345296638006780e-09 6.063200953319477249e-09 6.164556406156409324e-09 6.270988599407204366e-09 6.406568206361581786e-09 5.053763397632968888e-09 7.103080844115621691e-09 7.735942576042222818e-09 8.177009555417453919e-09 8.489419248081139091e-09 8.739788725109584965e-09 8.952005597509648512e-09 9.147802054694303764e-09 9.353405653573127966e-09 9.615339941841569311e-09 5.432961318871785522e-09 7.735942576042222818e-09 8.647341832710987394e-09 9.222385998209913743e-09 9.633035966384431280e-09 9.962727996903105858e-09 1.024225994682425442e-08 1.050017073663821612e-08 1.077100042009552689e-08 1.111604475848799337e-08 5.661958095639154654e-09 8.177009555417453919e-09 9.222385998209913743e-09 9.899884407220971279e-09 1.039027229723169269e-08 1.078592308319643639e-08 1.121357546068094139e-08 1.152394476469225556e-08 1.184986614813553465e-08 1.226510968547012706e-08 5.823735559825455444e-09 8.489419248081139091e-09 9.633035966384431280e-09 1.039027229723169269e-08 1.094678440460041737e-08 1.139956620875932672e-08 1.178523333019571465e-08 1.214146430032676953e-08 1.251559700666402009e-08 1.299227741111720541e-08 5.953345296638006780e-09 8.739788725109584965e-09 9.962727996903105858e-09 1.078592308319643639e-08 1.139956620875932672e-08 1.190417714398963087e-08 1.233666421222179742e-08 1.273715784123407095e-08 1.315803400142477098e-08 1.369431392142355687e-08 6.063200953319477249e-09 8.952005597509648512e-09 1.024225994682425442e-08 1.121357546068094139e-08 1.178523333019571465e-08 1.233666421222179742e-08 1.281327148240448782e-08 1.325687106279160399e-08 1.156282188110216242e-08 1.441421164072334615e-08 6.164556406156409324e-09 9.147802054694303764e-09 1.050017073663821612e-08 1.152394476469225556e-08 1.214146430032676953e-08 1.273715784123407095e-08 1.325687106279160399e-08 1.158180748960071902e-08 1.208700392136250235e-08 1.501401591092823520e-08 6.270988599407204366e-09 9.353405653573127966e-09 1.077100042009552689e-08 1.184986614813553465e-08 1.251559700666402009e-08 1.315803400142477098e-08 1.156282188110216242e-08 1.208700392136250235e-08 1.264758586884777645e-08 1.566349734147514105e-08 6.406568206361581786e-09 9.615339941841569311e-09 1.111604475848799337e-08 1.226510968547012706e-08 1.299227741111720541e-08 1.369431392142355687e-08 1.441421164072334615e-08 1.501401591092823520e-08 1.566349734147514105e-08 1.651062325774373196e-08
3.810636797393766681e-09 4.996380576233460963e-09 5.379922509938380816e-09 5.611590765195414028e-09 5.775258126771058617e-09 5.906382116536602180e-09 6.017521276676369722e-09 6.120060903294747167e-09 6.227736573119091776e-09 6.364901224031427534e-09 4.996380576233460963e-09 7.104668486960127924e-09 7.724735975636774701e-09 8.176536876326620904e-09 8.496594785589441497e-09 8.753098253013149060e-09 8.970514809788473784e-09 9.171108623059583341e-09 9.381749861283591980e-09 9.650103755943990384e-09 5.379922509938380816e-09 7.724735975636774701e-09 8.662342283283778317e-09 9.255055536783827142e-09 9.678533489372014933e-09 1.001855989977520763e-08 1.030685875617245288e-08 1.057285880804445994e-08 1.085218297246378170e-08 1.120805176347077785e-08 5.611590765195414028e-09 8.176536876326620904e-09 9.255055536783827142e-09 9.956035479664885981e-09 1.046394818781891874e-08 1.099790455800751411e-08 1.134658856805345112e-08 1.166837701814818719e-08 1.200629019177369705e-08 1.243681445583376278e-08 5.775258126771058617e-09 8.496594785589441497e-09 9.678533489372014933e-09 1.046394818781891874e-08 1.116631973780415564e-08 1.105015409623239497e-08 1.144735573938595912e-08 1.181679672631150248e-08 1.267335705406096965e-08 1.316906332093930528e-08 5.906382116536602180e-09 8.753098253013149060e-09 1.001855989977520763e-08 1.099790455800751411e-08 1.105015409623239497e-08 1.203881917381482487e-08 1.248986480742700119e-08 1.290761720151673086e-08 1.334664726202117883e-08 1.390606442095462195e-08 6.017521276676369722e-09 8.970514809788473784e-09 1.030685875617245288e-08 1.134658856805345112e-08 1.144735573938595912e-08 1.248986480742700119e-08 1.298814449973378182e-08 1.357994028066702454e-08 1.406917738689181980e-08 1.469280694237896179e-08 6.120060903294747167e-09 9.171108623059583341e-09 1.057285880804445994e-08 1.166837701814818719e-08 1.181679672631150248e-08 1.290761720151673086e-08 1.357994028066702454e-08 1.409172292368951049e-08 1.463335377561020876e-08 1.532486676329351337e-08 6.227736573119091776e-09 9.381749861283591980e-09 1.085218297246378170e-08 1.200629019177369705e-08 1.267335705406096965e-08 1.334664726202117883e-08 1.406917738689181980e-08 1.463335377561020876e-08 1.523614999663616060e-08 1.601017403739333980e-08 6.364901224031427534e-09 9.650103755943990384e-09 1.120805176347077785e-08 1.243681445583376278e-08 1.316906332093930528e-08 1.390606442095462195e-08 1.469280694237896179e-08 1.532486676329351337e-08 1.601017403739333980e-08 1.690498180248386687e-08
3.753831795484434485e-09 4.945632895780820225e-09 5.333097072179267393e-09 5.567184525541302853e-09 5.732563727948181978e-09 5.865059326002750734e-09 5.977361080532675340e-09 6.080973329738155242e-09 6.189775340583021737e-09 6.328375713659065840e-09 4.945632895780820225e-09 7.079711855728554462e-09 7.833374833597030895e-09 9.018438526293733306e-09 8.506488818924268336e-09 8.768882073051240912e-09 8.991291354868143498e-09 9.196491583321927520e-09 9.411969959727304551e-09 9.686487929225624321e-09 5.333097072179267393e-09 7.833374833597030895e-09 8.680050505129783916e-09 9.290050533695454069e-09 9.726103060663603300e-09 1.007626397684019865e-08 1.037316077207236216e-08 1.064709424179763114e-08 1.093474924398225967e-08 1.130123393089111609e-08 5.567184525541302853e-09 9.018438526293733306e-09 9.290050533695454069e-09 1.089607486890099623e-08 1.066261343721731424e-08 1.108760069100429820e-08 1.144842323074809363e-08 1.178141843127406688e-08 1.213110041877438947e-08 1.257662153197328767e-08 5.732563727948181978e-09 8.506488818924268336e-09 9.726103060663603300e-09 1.066261343721731424e-08 1.126349251264938771e-08 1.175309969211121798e-08 1.217026637512073784e-08 1.255565345317108252e-08 1.296041070434798404e-08 1.347611640049122460e-08 5.865059326002750734e-09 8.768882073051240912e-09 1.007626397684019865e-08 1.108760069100429820e-08 1.175309969211121798e-08 1.230149879235835888e-08 1.277200217020226850e-08 1.320786770114673113e-08 1.366594157452494081e-08 1.424963144055355872e-08 5.977361080532675340e-09 8.991291354868143498e-09 1.037316077207236216e-08 1.144842323074809363e-08 1.217026637512073784e-08 1.277200217020226850e-08 1.329303933080513537e-08 1.377833930635121185e-08 1.428946774634637548e-08 1.494102039433787042e-08 6.080973329738155242e-09 9.196491583321927520e-09 1.064709424179763114e-08 1.178141843127406688e-08 1.255565345317108252e-08 1.320786770114673113e-08 1.377833930635121185e-08 1.431426272430867532e-08 1.488164797979197182e-08 1.560611752932677242e-08 6.189775340583021737e-09 9.411969959727304551e-09 1.093474924398225967e-08 1.213110041877438947e-08 1.296041070434798404e-08 1.366594157452494081e-08 1.428946774634637548e-08 1.488164797979197182e-08 1.551485691514403523e-08 1.632823221891846460e-08 6.328375713659065840e-09 9.686487929225624321e-09 1.130123393089111609e-08 1.257662153197328767e-08 1.347611640049122460e-08 1.424963144055355872e-08 1.494102039433787042e-08 1.560611752932677242e-08 1.632823221891846460e-08 1.727213985979286867e-08
3.696211637664035606e-09 4.892400712294562871e-09 6.733236722910544663e-09 5.602796305163334369e-09 5.770500293564606355e-09 5.904858323290224809e-09 6.018739327296770402e-09 6.123808621163651863e-09 6.234139958462633928e-09 6.374689260100689438e-09 4.892400712294562871e-09 7.025357690577464787e-09 7.793907417189165944e-09 8.267075638973812108e-09 8.602400176987297745e-09 8.871143384124577509e-09 9.098936821074319342e-09 9.309104604215217543e-09 9.529798365687405255e-09 9.810962324044049822e-09 6.733236722910544663e-09 7.793907417189165944e-09 8.690154270826213244e-09 1.100366090767958772e-08 9.861057125827425642e-09 1.022186086159827983e-08 1.052779025986102540e-08 1.081005781630834959e-08 1.110646324767313424e-08 1.148409860525762992e-08 5.602796305163334369e-09 8.267075638973812108e-09 1.100366090767958772e-08 1.016032452561356713e-08 1.070359293785308717e-08 1.114246153720976825e-08 1.151509990315061974e-08 1.185900459497036335e-08 1.222014330509500303e-08 1.268026386022651394e-08 5.770500293564606355e-09 8.602400176987297745e-09 9.861057125827425642e-09 1.070359293785308717e-08 1.132582014591006143e-08 1.183319251508075753e-08 1.226560092710535767e-08 1.266509404558971016e-08 1.308467003440033243e-08 1.361925982548785781e-08 5.904858323290224809e-09 8.871143384124577509e-09 1.022186086159827983e-08 1.114246153720976825e-08 1.183319251508075753e-08 1.240305292879994468e-08 1.289223454255728533e-08 1.334548968577274855e-08 1.382185891697485721e-08 1.442886735818882959e-08 6.018739327296770402e-09 9.098936821074319342e-09 1.052779025986102540e-08 1.151509990315061974e-08 1.226560092710535767e-08 1.289223454255728533e-08 1.343533009608255720e-08 1.394139355814511956e-08 1.447446717898078921e-08 1.515401385419753449e-08 6.123808621163651863e-09 9.309104604215217543e-09 1.081005781630834959e-08 1.185900459497036335e-08 1.266509404558971016e-08 1.334548968577274855e-08 1.394139355814511956e-08 1.450165556491705585e-08 1.509503300272632553e-08 1.585277250497139355e-08 6.234139958462633928e-09 9.529798365687405255e-09 1.110646324767313424e-08 1.222014330509500303e-08 1.308467003440033243e-08 1.382185891697485721e-08 1.447446717898078921e-08 1.509503300272632553e-08 1.575912970683652767e-08 1.661250783661976535e-08 6.374689260100689438e-09 9.810962324044049822e-09 1.148409860525762992e-08 1.268026386022651394e-08 1.361925982548785781e-08 1.442886735818882959e-08 1.515401385419753449e-08 1.585277250497139355e-08 1.661250783661976535e-08 1.760673034634078723e-08
3.672269908528453537e-09 4.876550835718588937e-09 5.271574858153795701e-09 5.510329848566325071e-09 5.679013569554479485e-09 5.814156709535541535e-09 5.928703177122107654e-09 6.034386416372864361e-09 6.145362473228418108e-09 6.286734177806644860e-09 4.876550835718588937e-09 6.901558517407924418e-09 7.729466846619804198e-09 8.211329788829604895e-09 8.552872548988098834e-09 8.826604763250871722e-09 9.058627515422270294e-09 9.272697365123549960e-09 9.497488662174702368e-09 9.783874719778439239e-09 5.271574858153795701e-09 7.729466846619804198e-09 8.741631570424370432e-09 9.385601696060587962e-09 9.846316466289042534e-09 1.021637315937473497e-08 1.053015432043002792e-08 1.081966690581625923e-08 1.112368033244111030e-08 1.151101100092941005e-08 5.510329848566325071e-09 8.211329788829604895e-09 9.385601696060587962e-09 1.015584305283178220e-08 1.071551683051144326e-08 1.116780884810570736e-08 1.155187752721168332e-08 1.190633646649407712e-08 1.227855891140384311e-08 1.275280385011535161e-08 5.679013569554479485e-09 8.552872548988098834e-09 9.846316466289042534e-09 1.071551683051144326e-08 1.135859037293303021e-08 1.188335933554426027e-08 1.233070697416206622e-08 1.274402948407039330e-08 1.317813406310650921e-08 1.373123849179366416e-08 5.814156709535541535e-09 8.826604763250871722e-09 1.021637315937473497e-08 1.116780884810570736e-08 1.188335933554426027e-08 1.247441493015499957e-08 1.298207597587171505e-08 1.345254618206733216e-08 1.394702952151992111e-08 1.457712612616380311e-08 5.928703177122107654e-09 9.058627515422270294e-09 1.053015432043002792e-08 1.155187752721168332e-08 1.233070697416206622e-08 1.298207597587171505e-08 1.354714525042344992e-08 1.407391772982231225e-08 1.462888790483285948e-08 1.533636888953830859e-08 6.034386416372864361e-09 9.272697365123549960e-09 1.081966690581625923e-08 1.190633646649407712e-08 1.274402948407039330e-08 1.345254618206733216e-08 1.407391772982231225e-08 1.465860212792030333e-08 1.527808750775504918e-08 1.606925564900187367e-08 6.145362473228418108e-09 9.497488662174702368e-09 1.112368033244111030e-08 1.227855891140384311e-08 1.317813406310650921e-08 1.394702952151992111e-08 1.462888790483285948e-08 1.527808750775504918e-08 1.597340625910552953e-08 1.686726286547718123e-08 6.286734177806644860e-09 9.783874719778439239e-09 1.151101100092941005e-08 1.275280385011535161e-08 1.373123849179366416e-08 1.457712612616380311e-08 1.533636888953830859e-08 1.606925564900187367e-08 1.686726286547718123e-08 1.791281884132334752e-08
2.440729962969821523e-09 3.461544373648834146e-09 5.178242964020752543e-09 5.417369402657845556e-09 5.586317846363852100e-09 5.721673437935105079e-09 5.836399400987877034e-09 5.942248230229145991e-09 6.053398852767329688e-09 6.194993455911314510e-09 3.461544373648834146e-09 6.863690978050014894e-09 7.656177997439840960e-09 8.145241959027385664e-09 8.491913907335717150e-09 8.769768963072658257e-09 7.311794638417022423e-09 9.224519010127735136e-09 9.452998720631353476e-09 9.744085606256458574e-09 5.178242964020752543e-09 7.656177997439840960e-09 8.689112293941435030e-09 9.347809705589771539e-09 9.819326958180016482e-09 1.019810848743775982e-08 1.051929422579669040e-08 1.081563930869731267e-08 1.112682753977432190e-08 1.152330159160066930e-08 5.417369402657845556e-09 8.145241959027385664e-09 9.347809705589771539e-09 1.013883020331413665e-08 1.071148240688720902e-08 1.117629785480950281e-08 1.157106176039804462e-08 1.193539604028711491e-08 1.231799054636685168e-08 1.280545210038581825e-08 5.586317846363852100e-09 8.491913907335717150e-09 9.819326958180016482e-09 1.071148240688720902e-08 1.137435425033236885e-08 1.011099449491399091e-08 1.238134416240204781e-08 1.280818588280354635e-08 1.325649376795423721e-08 1.382769846963372126e-08 5.721673437935105079e-09 8.769768963072658257e-09 1.019810848743775982e-08 1.117629785480950281e-08 1.011099449491399091e-08 1.253132803934438941e-08 1.305722823266623160e-08 1.354470239418133458e-08 1.405708071305714092e-08 1.470998673458467429e-08 5.836399400987877034e-09 7.311794638417022423e-09 1.051929422579669040e-08 1.157106176039804462e-08 1.238134416240204781e-08 1.305722823266623160e-08 1.364414571248834415e-08 1.419154025342084726e-08 1.476832645740520469e-08 1.550364166717677614e-08 5.942248230229145991e-09 9.224519010127735136e-09 1.081563930869731267e-08 1.193539604028711491e-08 1.280818588280354635e-08 1.354470239418133458e-08 1.419154025342084726e-08 1.480070900408493339e-08 1.544640176164240796e-08 1.627113806523912435e-08 6.053398852767329688e-09 9.452998720631353476e-09 1.112682753977432190e-08 1.231799054636685168e-08 1.325649376795423721e-08 1.405708071305714092e-08 1.476832645740520469e-08 1.544640176164240796e-08 1.617328521212485334e-08 1.710811193418415632e-08 6.194993455911314510e-09 9.744085606256458574e-09 1.152330159160066930e-08 1.280545210038581825e-08 1.382769846963372126e-08 1.470998673458467429e-08 1.550364166717677614e-08 1.627113806523912435e-08 1.710811193418415632e-08 1.820608718339831210e-08
